-70.08333333333333
-7.416666666666667
-5.416666666666667
-69.33333333333333
-11.416666666666666
-69.33333333333333
-7.166666666666667
-5.333333333333333
-69.08333333333333
-11.75
-69.5
-7.583333333333333
-5.083333333333333
-70.08333333333333
-12.083333333333334
-69.66666666666667
-7.166666666666667
-4.666666666666667
-69.58333333333333
-11.75
-69.66666666666667
-6.75
-4.666666666666667
-68.58333333333333
-11.75
-69.75
-6.583333333333333
-4.5
-67.91666666666667
-12.0
-69.58333333333333
-6.333333333333333
-4.416666666666667
-68.5
-11.833333333333334
-69.5
-6.583333333333333
-4.0
-69.08333333333333
-12.583333333333334
-69.08333333333333
-6.916666666666667
-3.5
-72.16666666666667
-12.166666666666666
-69.41666666666667
-6.75
-3.5833333333333335
-90.5
-12.25
-69.5
-6.833333333333333
-3.8333333333333335
-131.08333333333334
-11.916666666666666
-69.41666666666667
-6.666666666666667
-4.25
-183.25
-11.75
-69.66666666666667
-6.5
-3.9166666666666665
-230.25
-11.083333333333334
-68.75
-7.0
-4.333333333333333
-263.4166666666667
-11.166666666666666
-69.33333333333333
-7.083333333333333
-4.666666666666667
-280.1666666666667
-10.833333333333334
-69.41666666666667
-6.833333333333333
-4.583333333333333
-206.33333333333334
-10.5
-69.41666666666667
-7.166666666666667
-4.666666666666667
341.6666666666667
-11.083333333333334
-69.5
-6.916666666666667
-4.666666666666667
1703.3333333333333
-10.583333333333334
-69.08333333333333
-7.25
-4.833333333333333
3546.0833333333335
-11.25
-68.83333333333333
-7.333333333333333
-4.916666666666667
5271.0
-11.0
-68.83333333333333
-7.166666666666667
-5.25
6541.416666666667
-10.916666666666666
-68.75
-7.583333333333333
-4.916666666666667
7178.0
-11.166666666666666
-68.83333333333333
-7.75
-4.916666666666667
7207.833333333333
-11.0
-68.66666666666667
-7.666666666666667
-5.5
6812.75
-11.583333333333334
-69.0
-7.583333333333333
-5.75
5738.25
-11.666666666666666
-68.83333333333333
-8.0
-6.416666666666667
3752.0833333333335
-11.916666666666666
-69.16666666666667
-7.833333333333333
-6.333333333333333
1551.75
-11.25
-69.0
-7.75
-6.416666666666667
-130.33333333333334
-11.916666666666666
-68.66666666666667
-7.833333333333333
-6.583333333333333
-1133.3333333333333
-12.25
-68.83333333333333
-7.5
-6.5
-1625.1666666666667
-11.5
-68.66666666666667
-7.333333333333333
-6.5
-2194.8333333333335
-11.583333333333334
-68.75
-7.666666666666667
-6.5
-3347.25
-11.75
-68.5
-7.416666666666667
-6.166666666666667
-4619.666666666667
-11.75
-68.91666666666667
-7.666666666666667
-6.25
-5050.333333333333
-11.416666666666666
-68.41666666666667
-7.583333333333333
-5.5
-4666.5
-11.75
-68.5
-7.333333333333333
-5.833333333333333
-4015.8333333333335
-11.75
-68.5
-7.166666666666667
-6.083333333333333
-3174.5
-11.833333333333334
-68.16666666666667
-7.083333333333333
-5.916666666666667
-2115.25
-11.583333333333334
-68.41666666666667
-7.0
-5.583333333333333
-650.9166666666666
-11.666666666666666
-68.16666666666667
-7.083333333333333
-5.0
1320.75
-11.5
-68.58333333333333
-7.25
-5.333333333333333
2931.8333333333335
-10.833333333333334
-68.16666666666667
-7.166666666666667
-4.833333333333333
3150.9166666666665
-10.666666666666666
-68.25
-6.916666666666667
-4.833333333333333
2123.0
-10.333333333333334
-68.58333333333333
-6.75
-5.25
659.3333333333334
-10.0
-68.33333333333333
-7.083333333333333
-5.583333333333333
-496.1666666666667
-10.25
-68.33333333333333
-7.416666666666667
-5.25
-1088.0
-10.333333333333334
-68.08333333333333
-7.0
-5.0
-1479.9166666666667
-10.166666666666666
-67.83333333333333
-7.5
-5.333333333333333
-2077.4166666666665
-10.083333333333334
-67.83333333333333
-7.25
-5.666666666666667
-2646.6666666666665
-9.916666666666666
-68.16666666666667
-7.0
-5.333333333333333
-2485.6666666666665
-9.583333333333334
-68.16666666666667
-7.75
-5.25
-1824.0
-9.75
-68.25
-8.083333333333334
-5.083333333333333
-1407.25
-9.75
-68.5
-7.166666666666667
-5.166666666666667
-1411.9166666666667
-9.75
-67.66666666666667
-7.75
-5.166666666666667
-1844.3333333333333
-9.75
-68.33333333333333
-7.166666666666667
-5.333333333333333
-2320.4166666666665
-9.833333333333334
-68.33333333333333
-7.0
-5.166666666666667
-2268.25
-9.25
-67.91666666666667
-6.916666666666667
-5.333333333333333
-1989.5833333333333
-9.166666666666666
-67.83333333333333
-6.75
-5.75
-2168.0833333333335
-8.583333333333334
-68.08333333333333
-6.75
-5.916666666666667
-2814.6666666666665
-8.583333333333334
-68.25
-6.666666666666667
-5.583333333333333
-3491.5
-9.0
-68.41666666666667
-6.083333333333333
-5.416666666666667
-3732.9166666666665
-9.5
-68.41666666666667
-6.083333333333333
-5.416666666666667
-3469.5
-8.916666666666666
-68.66666666666667
-5.916666666666667
-5.666666666666667
-3113.3333333333335
-8.583333333333334
-68.83333333333333
-5.833333333333333
-5.166666666666667
-3057.6666666666665
-8.916666666666666
-68.58333333333333
-5.833333333333333
-5.083333333333333
-3095.25
-8.25
-68.58333333333333
-5.666666666666667
-5.0
-2545.3333333333335
-9.083333333333334
-68.91666666666667
-5.666666666666667
-4.5
-1539.0
-9.0
-68.75
-5.416666666666667
-4.083333333333333
-662.5833333333334
-7.916666666666667
-68.91666666666667
-5.916666666666667
-4.166666666666667
-69.75
-8.25
-69.5
-5.333333333333333
-4.166666666666667
70.33333333333333
-7.75
-69.33333333333333
-5.333333333333333
-4.333333333333333
-145.08333333333334
-6.916666666666667
-69.5
-5.75
-4.333333333333333
-255.5
-7.333333333333333
-69.16666666666667
-6.083333333333333
-4.0
-443.5
-7.083333333333333
-69.0
-6.25
-4.333333333333333
-1223.0
-6.75
-68.91666666666667
-6.083333333333333
-4.583333333333333
-2411.9166666666665
-7.0
-68.75
-6.083333333333333
-4.0
-3489.8333333333335
-6.666666666666667
-67.83333333333333
-6.416666666666667
-4.0
-3976.4166666666665
-6.0
-68.0
-6.25
-4.0
-3783.0833333333335
-6.0
-67.91666666666667
-6.333333333333333
-3.8333333333333335
-3337.3333333333335
-6.083333333333333
-68.08333333333333
-6.416666666666667
-3.75
-3011.4166666666665
-5.833333333333333
-67.75
-6.583333333333333
-3.6666666666666665
-2605.1666666666665
-5.916666666666667
-67.58333333333333
-6.5
-3.25
-1481.6666666666667
-5.583333333333333
-67.0
-6.166666666666667
-3.0833333333333335
204.91666666666666
-5.333333333333333
-67.33333333333333
-6.5
-3.5833333333333335
1844.75
-5.5
-67.5
-6.666666666666667
-3.3333333333333335
3248.3333333333335
-6.0
-67.41666666666667
-5.916666666666667
-3.75
4058.3333333333335
-5.75
-67.41666666666667
-6.166666666666667
-4.083333333333333
4179.833333333333
-6.0
-67.16666666666667
-5.916666666666667
-3.9166666666666665
4006.0833333333335
-6.5
-67.08333333333333
-5.916666666666667
-3.6666666666666665
3375.8333333333335
-6.166666666666667
-67.41666666666667
-6.25
-4.333333333333333
1947.5833333333333
-6.166666666666667
-66.83333333333333
-6.083333333333333
-4.0
90.75
-6.0
-67.33333333333333
-6.083333333333333
-3.9166666666666665
-1524.0
-6.333333333333333
-67.66666666666667
-6.25
-4.166666666666667
-2350.5833333333335
-6.333333333333333
-67.66666666666667
-5.916666666666667
-3.25
-2418.4166666666665
-6.5
-68.08333333333333
-6.166666666666667
-3.5
-2263.1666666666665
-7.0
-68.08333333333333
-6.333333333333333
-3.8333333333333335
-2342.0833333333335
-6.833333333333333
-68.58333333333333
-6.166666666666667
-3.5
-2495.8333333333335
-6.416666666666667
-68.58333333333333
-6.0
-3.5833333333333335
-1996.5
-6.416666666666667
-69.0
-6.083333333333333
-3.8333333333333335
-865.4166666666666
-6.333333333333333
-68.83333333333333
-5.75
-3.5833333333333335
569.0833333333334
-5.916666666666667
-69.0
-5.916666666666667
-3.3333333333333335
2241.0833333333335
-5.75
-69.33333333333333
-6.416666666666667
-3.6666666666666665
3619.25
-5.833333333333333
-68.91666666666667
-6.416666666666667
-3.6666666666666665
4533.666666666667
-5.5
-69.08333333333333
-6.5
-3.9166666666666665
5178.25
-5.583333333333333
-68.91666666666667
-6.416666666666667
-3.75
5151.166666666667
-6.083333333333333
-68.83333333333333
-6.333333333333333
-3.75
4070.8333333333335
-6.0
-68.83333333333333
-6.166666666666667
-3.6666666666666665
2235.75
-6.083333333333333
-68.5
-6.583333333333333
-3.9166666666666665
434.75
-5.833333333333333
-68.41666666666667
-6.166666666666667
-3.6666666666666665
-523.5833333333334
-6.083333333333333
-69.0
-5.833333333333333
-3.5
-594.5
-5.916666666666667
-68.66666666666667
-6.083333333333333
-3.9166666666666665
-410.0
-5.333333333333333
-68.58333333333333
-6.083333333333333
-4.0
-520.5
-5.5
-68.5
-6.25
-4.083333333333333
-875.5833333333334
-5.75
-68.66666666666667
-6.333333333333333
-4.333333333333333
-779.25
-5.25
-68.5
-6.166666666666667
-4.166666666666667
-119.0
-5.25
-68.16666666666667
-6.25
-4.0
768.3333333333334
-5.5
-67.83333333333333
-6.166666666666667
-3.75
1957.5833333333333
-5.416666666666667
-67.75
-6.666666666666667
-3.6666666666666665
3105.3333333333335
-5.583333333333333
-68.0
-6.833333333333333
-3.4166666666666665
3911.8333333333335
-6.0
-67.58333333333333
-6.916666666666667
-3.0833333333333335
4599.083333333333
-6.0
-67.91666666666667
-6.916666666666667
-3.6666666666666665
4652.0
-6.333333333333333
-68.08333333333333
-7.166666666666667
-3.4166666666666665
3438.0833333333335
-6.166666666666667
-67.5
-7.166666666666667
-3.8333333333333335
1295.25
-6.333333333333333
-67.66666666666667
-7.166666666666667
-4.083333333333333
-967.3333333333334
-6.25
-67.75
-7.666666666666667
-4.333333333333333
-2356.4166666666665
-6.166666666666667
-67.25
-7.416666666666667
-4.583333333333333
-2584.75
-6.166666666666667
-67.08333333333333
-7.5
-3.5833333333333335
-2255.5
-6.083333333333333
-67.33333333333333
-7.0
-4.0
-1965.0
-6.166666666666667
-67.0
-7.0
-4.166666666666667
-1836.1666666666667
-6.5
-67.41666666666667
-7.666666666666667
-4.083333333333333
-1257.4166666666667
-6.083333333333333
-67.5
-7.666666666666667
-4.0
-187.41666666666666
-6.333333333333333
-67.16666666666667
-7.916666666666667
-4.083333333333333
858.6666666666666
-6.75
-67.16666666666667
-7.916666666666667
-4.0
2022.1666666666667
-6.583333333333333
-67.83333333333333
-8.25
-4.166666666666667
3094.6666666666665
-6.833333333333333
-67.91666666666667
-8.583333333333334
-4.25
3830.8333333333335
-6.666666666666667
-67.66666666666667
-8.75
-4.583333333333333
4558.833333333333
-7.083333333333333
-67.83333333333333
-8.25
-4.75
4694.75
-7.333333333333333
-67.58333333333333
-8.583333333333334
-4.916666666666667
3496.5
-7.166666666666667
-67.91666666666667
-8.0
-4.666666666666667
1368.1666666666667
-7.166666666666667
-68.25
-8.0
-5.0
-920.1666666666666
-6.833333333333333
-67.83333333333333
-7.916666666666667
-5.083333333333333
-2522.5
-7.25
-68.0
-7.666666666666667
-5.0
-3135.25
-6.916666666666667
-67.75
-7.333333333333333
-5.416666666666667
-3243.25
-7.416666666666667
-67.75
-7.333333333333333
-6.083333333333333
-3424.0833333333335
-7.083333333333333
-68.25
-7.0
-5.666666666666667
-4128.833333333333
-6.666666666666667
-67.91666666666667
-6.583333333333333
-5.416666666666667
-5094.083333333333
-6.75
-67.75
-6.333333333333333
-6.416666666666667
-5840.5
-6.833333333333333
-67.91666666666667
-6.333333333333333
-6.916666666666667
-6206.5
-7.166666666666667
-68.0
-6.333333333333333
-6.583333333333333
-5830.583333333333
-7.25
-68.08333333333333
-5.916666666666667
-6.583333333333333
-4821.5
-7.166666666666667
-68.16666666666667
-5.916666666666667
-6.583333333333333
-3630.4166666666665
-6.5
-68.33333333333333
-6.583333333333333
-6.5
-2283.6666666666665
-7.166666666666667
-67.91666666666667
-6.25
-6.666666666666667
-1067.25
-6.25
-67.91666666666667
-5.75
-7.0
-503.0833333333333
-6.416666666666667
-68.41666666666667
-5.916666666666667
-6.916666666666667
-732.75
-7.083333333333333
-68.66666666666667
-6.25
-7.166666666666667
-1432.9166666666667
-6.75
-68.58333333333333
-5.916666666666667
-7.25
-1961.1666666666667
-6.416666666666667
-68.41666666666667
-5.916666666666667
-7.0
-1940.0
-6.333333333333333
-68.33333333333333
-5.916666666666667
-6.833333333333333
-1322.3333333333333
-6.416666666666667
-68.33333333333333
-6.5
-6.416666666666667
-278.8333333333333
-6.5
-68.58333333333333
-6.5
-6.583333333333333
676.0833333333334
-5.916666666666667
-68.41666666666667
-6.25
-6.5
1279.75
-5.916666666666667
-68.33333333333333
-6.166666666666667
-6.416666666666667
1846.3333333333333
-6.083333333333333
-68.58333333333333
-6.5
-5.75
2694.1666666666665
-6.333333333333333
-68.33333333333333
-6.666666666666667
-6.0
3645.8333333333335
-6.416666666666667
-68.0
-6.416666666666667
-6.0
4257.75
-6.0
-68.0
-6.333333333333333
-6.166666666666667
4181.916666666667
-5.416666666666667
-67.58333333333333
-6.583333333333333
-5.333333333333333
3167.0833333333335
-5.583333333333333
-67.91666666666667
-6.166666666666667
-5.916666666666667
1403.5
-5.083333333333333
-68.0
-6.416666666666667
-5.916666666666667
-602.0
-4.583333333333333
-68.33333333333333
-6.75
-6.166666666666667
-2429.25
-5.333333333333333
-67.91666666666667
-6.5
-6.416666666666667
-3539.9166666666665
-5.75
-68.08333333333333
-6.583333333333333
-6.333333333333333
-3629.3333333333335
-5.333333333333333
-67.5
-6.166666666666667
-6.5
-2825.75
-5.75
-67.58333333333333
-5.75
-6.25
-1478.1666666666667
-5.75
-67.66666666666667
-5.416666666666667
-6.25
-99.41666666666667
-5.583333333333333
-67.5
-5.25
-6.916666666666667
854.25
-6.166666666666667
-67.5
-4.833333333333333
-6.666666666666667
1220.1666666666667
-5.583333333333333
-67.33333333333333
-4.916666666666667
-6.666666666666667
1392.6666666666667
-5.5
-67.5
-4.583333333333333
-6.583333333333333
1880.25
-5.666666666666667
-67.58333333333333
-4.333333333333333
-6.333333333333333
2837.1666666666665
-5.75
-67.0
-4.666666666666667
-6.166666666666667
4200.25
-5.916666666666667
-66.83333333333333
-4.666666666666667
-6.083333333333333
5586.166666666667
-6.0
-67.08333333333333
-4.833333333333333
-6.75
6398.666666666667
-6.083333333333333
-67.41666666666667
-4.583333333333333
-7.083333333333333
6196.083333333333
-6.333333333333333
-67.0
-5.083333333333333
-7.583333333333333
4922.5
-6.583333333333333
-67.25
-4.833333333333333
-7.666666666666667
2994.9166666666665
-6.75
-67.33333333333333
-4.916666666666667
-7.416666666666667
1038.6666666666667
-6.083333333333333
-67.83333333333333
-4.75
-7.583333333333333
-488.0
-6.25
-67.58333333333333
-5.0
-7.75
-1379.0833333333333
-6.5
-67.25
-5.583333333333333
-8.083333333333334
-1610.1666666666667
-6.916666666666667
-67.25
-5.083333333333333
-7.916666666666667
-1348.75
-7.5
-67.08333333333333
-5.0
-7.25
-865.3333333333334
-7.0
-66.83333333333333
-4.583333333333333
-7.5
-263.8333333333333
-7.333333333333333
-67.08333333333333
-4.5
-7.25
512.3333333333334
-7.666666666666667
-67.25
-4.333333333333333
-7.416666666666667
1508.6666666666667
-7.583333333333333
-67.41666666666667
-4.666666666666667
-7.166666666666667
2716.0
-7.5
-67.41666666666667
-4.25
-7.333333333333333
3983.9166666666665
-7.75
-67.75
-4.333333333333333
-7.25
5014.666666666667
-7.916666666666667
-67.83333333333333
-4.5
-7.25
5423.666666666667
-8.0
-67.41666666666667
-4.0
-7.083333333333333
4916.916666666667
-8.833333333333334
-67.66666666666667
-4.666666666666667
-7.166666666666667
3589.75
-8.583333333333334
-68.0
-4.833333333333333
-6.916666666666667
1906.4166666666667
-8.75
-67.5
-4.416666666666667
-7.333333333333333
350.4166666666667
-9.333333333333334
-67.83333333333333
-4.666666666666667
-6.5
-813.3333333333334
-9.25
-67.75
-4.666666666666667
-6.416666666666667
-1515.75
-9.0
-67.83333333333333
-4.75
-5.916666666666667
-1814.0
-9.166666666666666
-68.41666666666667
-4.5
-5.75
-1803.9166666666667
-8.916666666666666
-68.33333333333333
-4.416666666666667
-6.416666666666667
-1269.5833333333333
-9.5
-68.41666666666667
-4.166666666666667
-6.0
144.0
-10.0
-68.16666666666667
-4.416666666666667
-5.75
2129.1666666666665
-9.916666666666666
-68.16666666666667
-4.583333333333333
-5.75
4136.166666666667
-10.833333333333334
-67.91666666666667
-4.75
-6.0
5953.666666666667
-10.25
-68.0
-4.583333333333333
-5.75
7380.0
-10.583333333333334
-67.58333333333333
-4.75
-5.583333333333333
8324.0
-10.333333333333334
-67.41666666666667
-5.083333333333333
-6.25
8614.666666666666
-9.833333333333334
-67.33333333333333
-5.5
-6.416666666666667
7595.75
-10.083333333333334
-67.25
-5.25
-6.916666666666667
5076.333333333333
-10.083333333333334
-67.25
-5.416666666666667
-7.416666666666667
2094.8333333333335
-9.5
-67.41666666666667
-5.25
-7.083333333333333
-227.58333333333334
-9.916666666666666
-67.33333333333333
-5.583333333333333
-7.0
-1561.8333333333333
-9.416666666666666
-67.16666666666667
-5.416666666666667
-7.166666666666667
-2189.25
-9.583333333333334
-67.16666666666667
-5.166666666666667
-7.5
-2846.25
-9.666666666666666
-67.16666666666667
-5.5
-6.916666666666667
-4225.666666666667
-9.666666666666666
-66.83333333333333
-5.833333333333333
-7.333333333333333
-5882.916666666667
-9.583333333333334
-67.08333333333333
-5.5
-7.083333333333333
-6653.166666666667
-9.916666666666666
-67.0
-5.833333333333333
-6.833333333333333
-6575.666666666667
-10.083333333333334
-66.91666666666667
-5.583333333333333
-6.333333333333333
-6061.166666666667
-10.083333333333334
-66.75
-5.583333333333333
-5.916666666666667
-4945.083333333333
-10.0
-66.5
-4.75
-6.166666666666667
-3335.0833333333335
-10.0
-66.41666666666667
-5.083333333333333
-6.083333333333333
-1115.4166666666667
-9.583333333333334
-67.16666666666667
-4.583333333333333
-5.333333333333333
1498.8333333333333
-9.5
-67.58333333333333
-4.916666666666667
-5.25
3159.4166666666665
-8.833333333333334
-67.25
-5.25
-5.333333333333333
2821.5
-8.166666666666666
-67.16666666666667
-5.0
-4.916666666666667
911.3333333333334
-7.916666666666667
-67.83333333333333
-5.583333333333333
-5.166666666666667
-1315.9166666666667
-7.75
-68.33333333333333
-5.75
-4.666666666666667
-2823.75
-7.666666666666667
-68.0
-5.666666666666667
-4.333333333333333
-3345.0833333333335
-7.083333333333333
-68.33333333333333
-5.416666666666667
-4.666666666666667
-3385.25
-6.833333333333333
-68.08333333333333
-5.333333333333333
-4.333333333333333
-3666.3333333333335
-6.916666666666667
-67.25
-4.833333333333333
-4.333333333333333
-4564.833333333333
-6.916666666666667
-67.83333333333333
-4.833333333333333
-4.5
-5772.333333333333
-7.5
-68.16666666666667
-4.916666666666667
-3.8333333333333335
-7077.416666666667
-7.916666666666667
-68.08333333333333
-4.583333333333333
-3.8333333333333335
-8562.75
-8.083333333333334
-68.25
-4.916666666666667
-3.6666666666666665
-9805.333333333334
-8.333333333333334
-68.08333333333333
-4.916666666666667
-3.8333333333333335
-10388.166666666666
-8.916666666666666
-68.08333333333333
-5.0
-4.25
-10153.333333333334
-8.916666666666666
-67.25
-4.583333333333333
-4.083333333333333
-8893.166666666666
-8.916666666666666
-67.41666666666667
-5.083333333333333
-4.0
-6913.75
-8.833333333333334
-66.83333333333333
-5.166666666666667
-4.416666666666667
-5022.666666666667
-9.25
-66.5
-4.833333333333333
-4.5
-3839.0833333333335
-8.666666666666666
-66.75
-4.75
-4.416666666666667
-3377.9166666666665
-8.666666666666666
-66.58333333333333
-4.583333333333333
-4.833333333333333
-3099.8333333333335
-8.5
-66.08333333333333
-5.0
-4.333333333333333
-2617.5833333333335
-8.083333333333334
-66.0
-5.0
-4.333333333333333
-1775.8333333333333
-7.75
-66.08333333333333
-4.416666666666667
-4.25
-572.3333333333334
-7.916666666666667
-66.08333333333333
-4.666666666666667
-3.9166666666666665
679.25
-7.583333333333333
-65.66666666666667
-4.5
-4.25
1685.0833333333333
-7.583333333333333
-65.91666666666667
-4.333333333333333
-3.9166666666666665
2246.0
-7.416666666666667
-66.25
-4.25
-4.416666666666667
2334.0
-7.5
-66.33333333333333
-3.8333333333333335
-4.583333333333333
1941.8333333333333
-7.333333333333333
-66.25
-4.25
-4.583333333333333
904.9166666666666
-7.25
-66.41666666666667
-4.25
-4.916666666666667
-647.25
-7.0
-66.5
-4.166666666666667
-4.916666666666667
-2356.0833333333335
-6.333333333333333
-66.5
-4.416666666666667
-5.333333333333333
-3864.0
-6.083333333333333
-66.41666666666667
-4.416666666666667
-5.5
-4800.75
-6.416666666666667
-66.75
-4.5
-5.416666666666667
-5094.666666666667
-6.0
-66.33333333333333
-4.25
-4.916666666666667
-4893.916666666667
-5.5
-66.08333333333333
-4.25
-4.833333333333333
-4267.25
-5.583333333333333
-66.16666666666667
-4.666666666666667
-4.75
-3277.4166666666665
-5.666666666666667
-66.08333333333333
-4.583333333333333
-4.583333333333333
-2073.1666666666665
-5.666666666666667
-66.0
-4.833333333333333
-4.666666666666667
-690.9166666666666
-6.0
-65.83333333333333
-4.5
-4.166666666666667
1186.25
-6.0
-65.41666666666667
-3.9166666666666665
-4.0
3758.5833333333335
-6.5
-65.83333333333333
-4.083333333333333
-3.75
6718.083333333333
-6.833333333333333
-65.5
-4.166666666666667
-3.4166666666666665
9560.0
-6.666666666666667
-66.33333333333333
-4.166666666666667
-3.4166666666666665
11815.083333333334
-7.416666666666667
-66.16666666666667
-4.083333333333333
-3.5
13076.833333333334
-7.583333333333333
-66.33333333333333
-4.0
-3.75
13183.083333333334
-7.583333333333333
-66.58333333333333
-3.5833333333333335
-3.6666666666666665
12225.416666666666
-8.333333333333334
-66.25
-3.6666666666666665
-3.6666666666666665
10059.5
-7.666666666666667
-65.91666666666667
-3.9166666666666665
-4.083333333333333
6808.5
-7.5
-66.08333333333333
-3.4166666666666665
-3.9166666666666665
3472.0
-7.416666666666667
-65.83333333333333
-3.1666666666666665
-4.583333333333333
951.9166666666666
-7.333333333333333
-65.75
-3.3333333333333335
-4.166666666666667
-489.8333333333333
-7.833333333333333
-65.41666666666667
-3.1666666666666665
-4.333333333333333
-1116.25
-7.166666666666667
-65.58333333333333
-3.0
-4.583333333333333
-1625.5
-6.75
-65.58333333333333
-3.5833333333333335
-4.083333333333333
-2556.0
-6.416666666666667
-65.58333333333333
-3.9166666666666665
-4.0
-3551.8333333333335
-6.0
-65.91666666666667
-3.8333333333333335
-4.083333333333333
-3668.0
-5.833333333333333
-65.41666666666667
-3.6666666666666665
-4.0
-2705.4166666666665
-6.0
-65.33333333333333
-3.8333333333333335
-3.8333333333333335
-1076.4166666666667
-5.583333333333333
-65.25
-4.0
-3.4166666666666665
1111.0833333333333
-5.25
-65.25
-3.75
-3.8333333333333335
3630.0
-4.916666666666667
-65.16666666666667
-4.166666666666667
-3.6666666666666665
6175.916666666667
-5.083333333333333
-65.08333333333333
-3.6666666666666665
-3.8333333333333335
8495.75
-5.916666666666667
-65.25
-4.416666666666667
-4.166666666666667
9615.833333333334
-5.416666666666667
-65.08333333333333
-4.083333333333333
-4.25
8668.916666666666
-5.666666666666667
-65.0
-4.333333333333333
-4.5
6121.25
-5.666666666666667
-65.33333333333333
-4.75
-4.166666666666667
3140.3333333333335
-5.75
-65.16666666666667
-4.5
-4.583333333333333
828.5
-5.916666666666667
-65.58333333333333
-4.5
-4.5
-453.6666666666667
-6.166666666666667
-65.83333333333333
-4.583333333333333
-4.5
-1203.25
-6.416666666666667
-65.08333333333333
-4.75
-3.9166666666666665
-1934.75
-6.416666666666667
-65.08333333333333
-4.333333333333333
-4.0
-2549.9166666666665
-6.166666666666667
-65.41666666666667
-4.833333333333333
-3.9166666666666665
-2414.0833333333335
-6.416666666666667
-65.41666666666667
-4.833333333333333
-4.416666666666667
-1709.5833333333333
-6.416666666666667
-64.83333333333333
-4.916666666666667
-4.416666666666667
-1203.75
-6.25
-65.0
-4.416666666666667
-4.5
-916.6666666666666
-6.5
-64.58333333333333
-4.25
-4.333333333333333
-829.3333333333334
-6.416666666666667
-64.66666666666667
-4.0
-4.333333333333333
-724.8333333333334
-6.916666666666667
-64.41666666666667
-3.8333333333333335
-4.333333333333333
-54.166666666666664
-5.75
-64.16666666666667
-3.9166666666666665
-4.583333333333333
592.1666666666666
-6.166666666666667
-64.0
-3.8333333333333335
-4.916666666666667
374.5833333333333
-6.333333333333333
-64.16666666666667
-4.166666666666667
-5.25
-551.1666666666666
-6.166666666666667
-64.08333333333333
-4.5
-4.666666666666667
-1672.5
-6.25
-63.833333333333336
-4.0
-5.166666666666667
-2329.5833333333335
-5.75
-64.25
-4.5
-5.166666666666667
-2352.6666666666665
-5.25
-63.916666666666664
-4.916666666666667
-4.666666666666667
-2292.75
-4.916666666666667
-64.25
-4.583333333333333
-4.333333333333333
-2693.25
-4.666666666666667
-64.33333333333333
-5.333333333333333
-4.416666666666667
-3417.4166666666665
-4.166666666666667
-64.0
-4.916666666666667
-4.5
-3639.25
-4.083333333333333
-64.75
-4.916666666666667
-4.0
-3205.5833333333335
-4.0
-64.58333333333333
-4.833333333333333
-3.9166666666666665
-2504.6666666666665
-3.5
-64.25
-5.5
-4.333333333333333
-1581.75
-3.4166666666666665
-64.25
-5.083333333333333
-4.166666666666667
-655.25
-3.3333333333333335
-64.83333333333333
-4.75
-4.0
83.66666666666667
-3.3333333333333335
-64.5
-4.75
-4.333333333333333
861.1666666666666
-3.75
-64.5
-4.833333333333333
-4.333333333333333
1283.3333333333333
-3.5833333333333335
-64.58333333333333
-4.166666666666667
-4.75
534.3333333333334
-3.8333333333333335
-64.83333333333333
-4.833333333333333
-4.666666666666667
-1145.25
-3.4166666666666665
-64.83333333333333
-5.166666666666667
-4.75
-3009.5
-3.25
-64.75
-4.583333333333333
-4.583333333333333
-4366.5
-3.5833333333333335
-64.83333333333333
-4.583333333333333
-3.9166666666666665
-4807.416666666667
-3.5
-64.5
-4.166666666666667
-4.5
-4679.166666666667
-3.9166666666666665
-64.25
-3.9166666666666665
-4.333333333333333
-4574.166666666667
-3.9166666666666665
-64.41666666666667
-4.25
-4.416666666666667
-4873.0
-3.1666666666666665
-64.83333333333333
-4.25
-4.416666666666667
-5449.333333333333
-3.25
-63.75
-4.166666666666667
-3.8333333333333335
-6055.5
-2.9166666666666665
-63.833333333333336
-4.0
-3.9166666666666665
-6462.833333333333
-2.5833333333333335
-63.5
-4.25
-3.75
-6391.083333333333
-3.3333333333333335
-63.25
-3.75
-4.166666666666667
-5881.083333333333
-3.6666666666666665
-63.666666666666664
-4.583333333333333
-4.0
-5047.583333333333
-3.5
-63.416666666666664
-4.5
-3.3333333333333335
-3931.25
-4.0
-63.5
-4.5
-3.0833333333333335
-2593.4166666666665
-4.25
-63.583333333333336
-5.166666666666667
-3.25
-1406.0
-4.25
-63.583333333333336
-4.333333333333333
-3.25
-819.5833333333334
-4.583333333333333
-63.666666666666664
-4.583333333333333
-3.6666666666666665
-738.75
-4.75
-63.166666666666664
-4.333333333333333
-3.75
-818.4166666666666
-4.25
-63.083333333333336
-4.5
-3.6666666666666665
-808.8333333333334
-4.666666666666667
-63.416666666666664
-4.25
-3.75
-516.9166666666666
-4.333333333333333
-63.25
-4.416666666666667
-3.6666666666666665
71.25
-4.333333333333333
-62.5
-4.083333333333333
-3.8333333333333335
680.3333333333334
-3.8333333333333335
-62.5
-3.9166666666666665
-3.5833333333333335
1080.8333333333333
-4.083333333333333
-62.583333333333336
-4.083333333333333
-3.4166666666666665
1516.75
-4.083333333333333
-62.666666666666664
-3.5833333333333335
-3.4166666666666665
2283.1666666666665
-3.5
-62.75
-3.9166666666666665
-3.25
3110.9166666666665
-3.5
-62.75
-4.083333333333333
-3.1666666666666665
3544.1666666666665
-3.25
-63.0
-3.5833333333333335
-3.5
3284.5
-3.0833333333333335
-62.75
-3.6666666666666665
-3.4166666666666665
2200.5833333333335
-3.5833333333333335
-63.166666666666664
-3.5833333333333335
-3.6666666666666665
609.75
-3.0833333333333335
-63.583333333333336
-4.083333333333333
-3.1666666666666665
-876.1666666666666
-3.3333333333333335
-63.5
-3.75
-3.0
-1782.5
-3.3333333333333335
-63.75
-3.5
-2.8333333333333335
-1821.5
-3.3333333333333335
-63.166666666666664
-3.3333333333333335
-2.6666666666666665
-965.0833333333334
-3.1666666666666665
-63.583333333333336
-3.0833333333333335
-2.6666666666666665
404.1666666666667
-3.3333333333333335
-64.0
-2.8333333333333335
-2.5
1764.4166666666667
-2.75
-64.08333333333333
-3.0833333333333335
-2.4166666666666665
2816.3333333333335
-3.1666666666666665
-64.25
-2.9166666666666665
-2.4166666666666665
3660.8333333333335
-3.25
-64.16666666666667
-3.1666666666666665
-1.9166666666666667
4626.833333333333
-3.4166666666666665
-63.666666666666664
-2.8333333333333335
-2.0
5883.0
-3.4166666666666665
-64.33333333333333
-2.6666666666666665
-2.0833333333333335
7500.083333333333
-3.0833333333333335
-63.666666666666664
-2.4166666666666665
-1.9166666666666667
9382.583333333334
-2.4166666666666665
-64.0
-2.5
-1.5833333333333333
11213.833333333334
-2.4166666666666665
-64.0
-2.9166666666666665
-1.75
12616.583333333334
-2.25
-63.833333333333336
-2.8333333333333335
-1.9166666666666667
13067.083333333334
-2.3333333333333335
-63.916666666666664
-2.9166666666666665
-2.1666666666666665
11754.333333333334
-2.6666666666666665
-64.33333333333333
-2.8333333333333335
-2.4166666666666665
8401.833333333334
-2.5833333333333335
-64.5
-3.0833333333333335
-2.3333333333333335
4180.416666666667
-3.0833333333333335
-64.33333333333333
-2.75
-2.9166666666666665
548.3333333333334
-2.9166666666666665
-64.5
-3.0833333333333335
-3.0
-1693.1666666666667
-2.0833333333333335
-64.33333333333333
-2.9166666666666665
-2.5833333333333335
-2460.0
-2.5
-64.16666666666667
-2.6666666666666665
-2.5833333333333335
-2535.0
-2.3333333333333335
-64.66666666666667
-2.75
-2.3333333333333335
-2754.8333333333335
-2.8333333333333335
-64.41666666666667
-2.25
-2.0833333333333335
-3077.75
-3.1666666666666665
-63.75
-2.3333333333333335
-1.9166666666666667
-2829.1666666666665
-2.75
-63.75
-2.0833333333333335
-1.5833333333333333
-1964.25
-3.1666666666666665
-63.833333333333336
-1.5833333333333333
-1.6666666666666667
-924.5833333333334
-2.75
-63.416666666666664
-1.3333333333333333
-1.0833333333333333
295.1666666666667
-2.75
-63.666666666666664
-1.0833333333333333
-0.6666666666666666
1838.25
-2.5833333333333335
-64.0
-1.25
-0.5833333333333334
3827.8333333333335
-2.6666666666666665
-63.5
-0.8333333333333334
-0.5833333333333334
6118.25
-2.8333333333333335
-63.416666666666664
-1.0
-1.0
7558.333333333333
-2.5833333333333335
-63.583333333333336
-1.6666666666666667
-1.0833333333333333
6986.916666666667
-2.5833333333333335
-63.833333333333336
-1.4166666666666667
-0.9166666666666666
4754.75
-2.5
-63.416666666666664
-1.75
-0.75
2017.8333333333333
-2.5833333333333335
-63.583333333333336
-1.0833333333333333
-0.8333333333333334
-231.83333333333334
-2.5
-63.666666666666664
-1.4166666666666667
-1.1666666666666667
-1635.25
-1.9166666666666667
-63.5
-1.4166666666666667
-1.3333333333333333
-2587.1666666666665
-2.4166666666666665
-64.08333333333333
-1.3333333333333333
-1.25
-3720.0833333333335
-2.75
-64.0
-1.5833333333333333
-1.5833333333333333
-5344.416666666667
-3.4166666666666665
-63.833333333333336
-1.4166666666666667
-1.3333333333333333
-6963.25
-3.1666666666666665
-64.16666666666667
-2.3333333333333335
-1.5
-8280.833333333334
-3.4166666666666665
-64.0
-2.0833333333333335
-2.0833333333333335
-9311.0
-3.25
-64.33333333333333
-1.9166666666666667
-2.0
-9793.583333333334
-2.8333333333333335
-64.5
-2.0833333333333335
-2.1666666666666665
-9775.333333333334
-3.25
-64.41666666666667
-1.75
-2.0
-9113.25
-3.4166666666666665
-64.5
-2.0
-1.6666666666666667
-7672.833333333333
-3.6666666666666665
-64.16666666666667
-2.0
-1.9166666666666667
-5883.416666666667
-3.5
-64.5
-2.0833333333333335
-1.5
-4338.416666666667
-3.4166666666666665
-64.58333333333333
-2.5833333333333335
-1.5833333333333333
-3482.9166666666665
-3.5
-64.58333333333333
-3.0
-1.8333333333333333
-3090.0
-3.6666666666666665
-64.83333333333333
-2.4166666666666665
-2.0
-2622.5
-3.75
-64.66666666666667
-2.0
-2.25
-1868.3333333333333
-3.6666666666666665
-64.25
-2.4166666666666665
-1.8333333333333333
-850.5833333333334
-3.8333333333333335
-64.66666666666667
-2.3333333333333335
-1.5833333333333333
96.08333333333333
-3.25
-64.41666666666667
-2.5833333333333335
-1.4166666666666667
571.0
-3.0
-64.16666666666667
-2.25
-1.5833333333333333
506.9166666666667
-3.0833333333333335
-64.08333333333333
-2.3333333333333335
-1.9166666666666667
160.58333333333334
-3.5
-64.08333333333333
-2.5
-1.0
-18.416666666666668
-3.4166666666666665
-63.833333333333336
-2.0833333333333335
-1.25
-56.416666666666664
-3.3333333333333335
-63.75
-2.5
-1.25
-310.8333333333333
-3.5
-63.75
-2.25
-1.6666666666666667
-835.0
-3.6666666666666665
-63.0
-2.4166666666666665
-0.75
-1701.1666666666667
-3.5
-63.333333333333336
-2.5
-1.1666666666666667
-2769.6666666666665
-3.9166666666666665
-63.75
-2.3333333333333335
-1.3333333333333333
-3807.8333333333335
-4.083333333333333
-63.5
-2.0833333333333335
-0.9166666666666666
-4728.416666666667
-4.0
-63.416666666666664
-2.3333333333333335
-1.5
-5234.166666666667
-4.666666666666667
-63.833333333333336
-2.25
-1.4166666666666667
-5087.5
-5.166666666666667
-64.0
-1.6666666666666667
-1.25
-4208.583333333333
-5.083333333333333
-64.0
-2.1666666666666665
-0.9166666666666666
-2765.9166666666665
-5.166666666666667
-63.833333333333336
-2.3333333333333335
-0.9166666666666666
-1049.4166666666667
-5.416666666666667
-63.916666666666664
-2.1666666666666665
-0.8333333333333334
969.6666666666666
-5.0
-63.5
-2.25
-1.0833333333333333
3413.4166666666665
-5.25
-63.583333333333336
-2.3333333333333335
-0.5
6012.75
-5.416666666666667
-63.5
-2.0
-0.6666666666666666
8326.166666666666
-5.5
-63.25
-2.25
-0.5833333333333334
10113.25
-5.583333333333333
-63.75
-2.6666666666666665
-0.5833333333333334
11139.75
-5.25
-63.583333333333336
-2.5
-0.8333333333333334
11349.75
-4.75
-63.5
-2.75
-1.0833333333333333
10876.833333333334
-4.666666666666667
-63.25
-2.4166666666666665
-0.9166666666666666
9449.75
-5.166666666666667
-63.25
-2.6666666666666665
-0.8333333333333334
6931.083333333333
-5.0
-63.0
-2.5
-1.5
4195.0
-4.583333333333333
-62.916666666666664
-1.9166666666666667
-1.4166666666666667
2140.0
-3.9166666666666665
-63.166666666666664
-1.75
-1.25
869.4166666666666
-4.333333333333333
-63.083333333333336
-1.75
-1.8333333333333333
58.25
-4.5
-63.416666666666664
-1.8333333333333333
-1.75
-959.25
-4.25
-63.416666666666664
-2.1666666666666665
-2.0833333333333335
-2720.25
-4.583333333333333
-63.666666666666664
-1.5833333333333333
-2.0833333333333335
-4684.0
-4.583333333333333
-63.25
-1.5
-2.6666666666666665
-5655.916666666667
-4.166666666666667
-63.333333333333336
-1.0833333333333333
-2.1666666666666665
-5283.416666666667
-4.083333333333333
-63.0
-1.1666666666666667
-2.5833333333333335
-3705.5
-4.083333333333333
-63.0
-1.3333333333333333
-2.5833333333333335
-1040.0
-4.5
-63.25
-1.25
-2.4166666666666665
2199.75
-4.5
-62.916666666666664
-1.3333333333333333
-2.4166666666666665
5559.083333333333
-4.416666666666667
-62.666666666666664
-1.5
-2.5833333333333335
8445.666666666666
-4.5
-63.083333333333336
-1.4166666666666667
-3.0
9664.083333333334
-4.25
-63.083333333333336
-1.5833333333333333
-3.1666666666666665
8452.416666666666
-4.25
-63.0
-1.9166666666666667
-3.3333333333333335
5513.083333333333
-4.25
-63.333333333333336
-2.0
-3.3333333333333335
2351.0
-4.416666666666667
-63.083333333333336
-1.75
-3.5
224.08333333333334
-3.9166666666666665
-63.166666666666664
-1.75
-3.0833333333333335
-538.5833333333334
-3.6666666666666665
-63.083333333333336
-2.0
-3.4166666666666665
-549.75
-3.25
-63.083333333333336
-1.5
-3.1666666666666665
-662.6666666666666
-3.1666666666666665
-62.583333333333336
-1.5833333333333333
-3.25
-1474.4166666666667
-3.0833333333333335
-63.25
-2.1666666666666665
-2.9166666666666665
-2928.5833333333335
-3.0833333333333335
-62.75
-1.8333333333333333
-2.4166666666666665
-4791.416666666667
-3.5833333333333335
-62.416666666666664
-1.75
-2.3333333333333335
-6958.583333333333
-3.8333333333333335
-62.333333333333336
-1.6666666666666667
-1.9166666666666667
-8895.916666666666
-3.1666666666666665
-62.666666666666664
-1.4166666666666667
-2.0
-10049.583333333334
-3.1666666666666665
-62.583333333333336
-1.5833333333333333
-1.8333333333333333
-10183.75
-3.6666666666666665
-62.5
-1.6666666666666667
-1.9166666666666667
-9118.75
-3.6666666666666665
-62.416666666666664
-1.4166666666666667
-1.8333333333333333
-7180.833333333333
-3.4166666666666665
-61.916666666666664
-1.3333333333333333
-2.0833333333333335
-5204.166666666667
-3.5833333333333335
-61.833333333333336
-1.4166666666666667
-1.9166666666666667
-3793.4166666666665
-3.0833333333333335
-61.833333333333336
-1.5
-1.75
-2912.25
-2.9166666666666665
-61.75
-1.75
-2.75
-2057.25
-2.5833333333333335
-61.75
-1.5
-2.4166666666666665
-996.4166666666666
-2.25
-62.0
-1.75
-2.5833333333333335
193.08333333333334
-2.3333333333333335
-61.666666666666664
-1.5
-2.5833333333333335
1233.8333333333333
-2.3333333333333335
-61.333333333333336
-1.9166666666666667
-2.5833333333333335
1795.9166666666667
-2.4166666666666665
-61.75
-1.9166666666666667
-2.6666666666666665
1921.75
-2.5
-61.666666666666664
-1.8333333333333333
-2.9166666666666665
1817.0
-2.8333333333333335
-62.166666666666664
-2.0833333333333335
-2.6666666666666665
1745.8333333333333
-2.6666666666666665
-62.166666666666664
-1.6666666666666667
-2.8333333333333335
1771.4166666666667
-2.5
-62.25
-1.5833333333333333
-2.8333333333333335
1564.8333333333333
-2.5
-62.5
-2.0833333333333335
-2.4166666666666665
821.6666666666666
-1.9166666666666667
-62.833333333333336
-1.25
-2.5
-452.5833333333333
-2.75
-62.666666666666664
-1.4166666666666667
-2.5833333333333335
-2074.3333333333335
-2.3333333333333335
-62.25
-1.5833333333333333
-2.3333333333333335
-3864.6666666666665
-2.3333333333333335
-62.333333333333336
-1.3333333333333333
-2.0
-5683.25
-2.25
-62.333333333333336
-1.5833333333333333
-2.5833333333333335
-7326.416666666667
-1.8333333333333333
-62.5
-1.4166666666666667
-2.6666666666666665
-8420.833333333334
-1.75
-62.166666666666664
-1.0833333333333333
-2.75
-8577.583333333334
-1.3333333333333333
-62.166666666666664
-1.0
-2.75
-7668.5
-1.8333333333333333
-61.916666666666664
-1.25
-2.9166666666666665
-5773.916666666667
-1.25
-61.5
-1.1666666666666667
-3.0833333333333335
-2817.0
-0.6666666666666666
-61.583333333333336
-1.0833333333333333
-2.6666666666666665
1140.0833333333333
-0.5833333333333334
-61.833333333333336
-1.0833333333333333
-3.0833333333333335
5373.666666666667
-0.5
-61.583333333333336
-0.9166666666666666
-3.3333333333333335
8999.333333333334
-0.3333333333333333
-61.166666666666664
-1.3333333333333333
-2.9166666666666665
11525.083333333334
-0.3333333333333333
-61.25
-1.5833333333333333
-3.5
12731.0
-0.5833333333333334
-61.5
-1.5
-2.9166666666666665
12710.666666666666
-0.75
-61.333333333333336
-1.5833333333333333
-3.1666666666666665
11779.0
-1.1666666666666667
-61.25
-1.8333333333333333
-3.25
9935.416666666666
-0.9166666666666666
-61.25
-1.9166666666666667
-3.8333333333333335
7373.666666666667
-1.0833333333333333
-61.083333333333336
-1.6666666666666667
-3.1666666666666665
5008.0
-1.25
-60.833333333333336
-2.0833333333333335
-3.3333333333333335
3438.5
-1.5
-60.916666666666664
-2.4166666666666665
-3.9166666666666665
2438.8333333333335
-1.25
-61.083333333333336
-1.8333333333333333
-3.3333333333333335
1380.0833333333333
-1.25
-60.75
-2.0833333333333335
-3.5
-515.3333333333334
-1.1666666666666667
-60.5
-2.3333333333333335
-3.9166666666666665
-3573.4166666666665
-1.75
-60.916666666666664
-2.1666666666666665
-3.4166666666666665
-6995.416666666667
-1.5833333333333333
-60.75
-1.9166666666666667
-3.75
-9277.583333333334
-2.0833333333333335
-60.416666666666664
-2.0833333333333335
-3.4166666666666665
-9607.333333333334
-2.25
-60.833333333333336
-2.4166666666666665
-3.1666666666666665
-7961.75
-1.9166666666666667
-60.583333333333336
-2.0
-2.8333333333333335
-4474.083333333333
-1.8333333333333333
-60.0
-2.0
-2.8333333333333335
129.83333333333334
-2.3333333333333335
-59.666666666666664
-2.0833333333333335
-3.4166666666666665
4915.083333333333
-2.25
-59.916666666666664
-2.0
-3.0
9154.833333333334
-1.6666666666666667
-60.0
-2.75
-3.0
11463.083333333334
-1.5833333333333333
-60.0
-3.0
-2.8333333333333335
10898.916666666666
-1.5833333333333333
-60.083333333333336
-2.6666666666666665
-2.6666666666666665
8324.666666666666
-1.6666666666666667
-60.166666666666664
-2.5833333333333335
-2.8333333333333335
5241.083333333333
-1.1666666666666667
-59.833333333333336
-2.5
-2.3333333333333335
3002.9166666666665
-1.5
-59.666666666666664
-2.5
-2.5833333333333335
2175.1666666666665
-1.6666666666666667
-59.5
-2.1666666666666665
-2.5
2193.4166666666665
-1.4166666666666667
-59.833333333333336
-2.25
-2.0
2181.5
-1.5
-59.5
-2.5833333333333335
-1.9166666666666667
1332.25
-1.75
-59.666666666666664
-2.3333333333333335
-2.5
-565.1666666666666
-1.5
-59.666666666666664
-2.5
-2.25
-3260.75
-1.6666666666666667
-59.5
-2.5833333333333335
-2.9166666666666665
-6496.166666666667
-1.3333333333333333
-59.25
-2.75
-2.5
-9411.083333333334
-1.3333333333333333
-59.0
-2.6666666666666665
-2.1666666666666665
-11232.416666666666
-1.0
-59.333333333333336
-2.5
-1.8333333333333333
-11837.083333333334
-0.9166666666666666
-58.916666666666664
-2.3333333333333335
-1.9166666666666667
-10952.666666666666
-1.25
-59.666666666666664
-2.6666666666666665
-1.9166666666666667
-8817.75
-1.0833333333333333
-59.333333333333336
-2.6666666666666665
-2.0833333333333335
-6389.333333333333
-1.0
-58.583333333333336
-2.75
-1.6666666666666667
-4326.333333333333
-0.8333333333333334
-58.833333333333336
-2.8333333333333335
-1.9166666666666667
-2738.25
-1.3333333333333333
-58.25
-3.25
-1.9166666666666667
-1225.6666666666667
-1.5833333333333333
-58.583333333333336
-2.9166666666666665
-1.25
494.4166666666667
-1.3333333333333333
-58.166666666666664
-2.6666666666666665
-1.5833333333333333
2307.9166666666665
-1.1666666666666667
-57.916666666666664
-3.25
-2.0
3913.3333333333335
-0.8333333333333334
-57.833333333333336
-3.6666666666666665
-1.9166666666666667
4856.25
-0.6666666666666666
-57.583333333333336
-3.1666666666666665
-1.9166666666666667
4951.75
-0.75
-57.5
-2.5833333333333335
-2.0
4381.75
-1.0833333333333333
-57.083333333333336
-2.6666666666666665
-2.25
3498.75
-0.6666666666666666
-57.083333333333336
-2.75
-1.75
2645.1666666666665
-0.4166666666666667
-57.416666666666664
-2.3333333333333335
-2.1666666666666665
1829.1666666666667
-0.75
-56.833333333333336
-2.75
-1.9166666666666667
792.9166666666666
-0.9166666666666666
-57.25
-2.25
-1.5833333333333333
-557.8333333333334
-1.75
-57.583333333333336
-2.4166666666666665
-1.8333333333333333
-2178.4166666666665
-1.5
-57.333333333333336
-2.75
-1.5833333333333333
-4040.1666666666665
-1.3333333333333333
-57.583333333333336
-2.1666666666666665
-1.4166666666666667
-6069.75
-1.5
-57.583333333333336
-2.5833333333333335
-2.0833333333333335
-8094.083333333333
-1.5833333333333333
-57.333333333333336
-2.4166666666666665
-2.1666666666666665
-9648.166666666666
-1.4166666666666667
-57.25
-2.0833333333333335
-1.0
-10109.083333333334
-1.8333333333333333
-57.25
-2.5833333333333335
-1.4166666666666667
-9173.5
-1.75
-57.083333333333336
-2.5833333333333335
-0.75
-6873.166666666667
-1.4166666666666667
-56.583333333333336
-1.8333333333333333
-0.25
-3228.5
-1.4166666666666667
-56.416666666666664
-2.25
-0.08333333333333333
1462.0833333333333
-1.5
-57.0
-2.1666666666666665
0.25
6285.666666666667
-1.4166666666666667
-57.0
-2.3333333333333335
-0.16666666666666666
10207.5
-1.1666666666666667
-56.583333333333336
-2.0833333333333335
0.3333333333333333
12644.166666666666
-1.75
-56.333333333333336
-2.1666666666666665
-0.16666666666666666
13483.25
-1.5833333333333333
-56.75
-1.75
-0.25
12993.166666666666
-0.75
-57.083333333333336
-2.0
-0.25
11629.333333333334
-1.1666666666666667
-56.5
-1.8333333333333333
-0.16666666666666666
9432.833333333334
-1.3333333333333333
-56.5
-2.0833333333333335
6571.25
-0.9166666666666666
-56.666666666666664
-2.0
-0.25
4018.6666666666665
-1.0
-56.666666666666664
-1.5833333333333333
0.16666666666666666
2393.1666666666665
-1.25
-56.666666666666664
-2.0
0.25
1401.25
-1.4166666666666667
-56.5
-1.1666666666666667
-0.16666666666666666
355.0
-1.5
-56.5
-1.3333333333333333
-0.08333333333333333
-1535.5833333333333
-1.1666666666666667
-56.5
-1.25
-0.25
-4673.75
-1.4166666666666667
-56.5
-1.0833333333333333
-0.5
-8306.583333333334
-1.5
-56.916666666666664
-1.0
-0.5833333333333334
-10776.583333333334
-1.4166666666666667
-56.833333333333336
-0.9166666666666666
-0.3333333333333333
-11233.333333333334
-1.6666666666666667
-56.166666666666664
-0.8333333333333334
-0.5833333333333334
-9643.916666666666
-1.75
-55.666666666666664
-0.75
-0.5
-6033.416666666667
-1.5833333333333333
-55.833333333333336
-0.5
-0.08333333333333333
-1136.8333333333333
-1.4166666666666667
-56.25
-0.25
0.25
4080.0833333333335
-1.0
-56.083333333333336
-0.5833333333333334
-0.25
8762.833333333334
-1.3333333333333333
-55.916666666666664
-1.0833333333333333
-0.25
11329.916666666666
-1.0
-56.0
-1.0
-0.5
10715.333333333334
-0.5833333333333334
-56.0
-1.0
-0.16666666666666666
7819.0
-0.9166666666666666
-55.75
-0.5833333333333334
-0.16666666666666666
4426.166666666667
-0.25
-55.5
-0.4166666666666667
2092.6666666666665
-0.16666666666666666
-55.5
-0.8333333333333334
0.8333333333333334
1353.25
-0.08333333333333333
-55.916666666666664
-1.0
0.5
1570.75
-0.16666666666666666
-55.166666666666664
-0.75
0.5
1817.6666666666667
0.08333333333333333
-55.833333333333336
-0.75
0.3333333333333333
1560.3333333333333
0.08333333333333333
-56.083333333333336
-0.3333333333333333
0.4166666666666667
982.5833333333334
0.5
-55.5
-0.8333333333333334
0.4166666666666667
72.66666666666667
0.6666666666666666
-56.0
-0.5833333333333334
1.0
-1489.1666666666667
0.4166666666666667
-55.75
-0.5833333333333334
0.8333333333333334
-3174.25
0.5
-55.75
-0.08333333333333333
0.5
-4340.25
0.4166666666666667
-56.0
0.6666666666666666
-4731.166666666667
-0.08333333333333333
-55.833333333333336
0.16666666666666666
1.0833333333333333
-3950.25
-0.75
-55.5
0.08333333333333333
0.8333333333333334
-2688.8333333333335
-0.6666666666666666
-55.833333333333336
-0.08333333333333333
0.16666666666666666
-2223.6666666666665
-0.5833333333333334
-56.0
0.08333333333333333
-0.3333333333333333
-2536.0
-0.3333333333333333
-55.666666666666664
-0.25
-0.25
-2993.6666666666665
-0.6666666666666666
-55.166666666666664
-0.4166666666666667
-0.4166666666666667
-2879.0833333333335
-0.75
-55.083333333333336
-0.4166666666666667
-1933.5
-1.0833333333333333
-55.666666666666664
-0.5833333333333334
-0.16666666666666666
-755.0
-1.0
-55.5
-0.8333333333333334
-0.3333333333333333
-6.666666666666667
-0.4166666666666667
-55.75
-0.5
-0.16666666666666666
228.33333333333334
-0.8333333333333334
-55.416666666666664
-0.3333333333333333
-0.08333333333333333
482.6666666666667
-0.9166666666666666
-55.083333333333336
-0.3333333333333333
0.16666666666666666
675.25
-0.5
-55.333333333333336
-0.4166666666666667
0.3333333333333333
490.5833333333333
-1.0
-55.416666666666664
-0.5
0.5
185.75
-0.9166666666666666
-55.416666666666664
-0.5
0.3333333333333333
-159.25
-0.6666666666666666
-55.25
-0.6666666666666666
0.9166666666666666
-351.1666666666667
-0.16666666666666666
-55.0
-0.5
1.75
-135.75
-0.6666666666666666
-55.333333333333336
0.16666666666666666
1.75
-50.416666666666664
-0.5
-54.916666666666664
-0.6666666666666666
1.8333333333333333
-886.0
-0.4166666666666667
-54.916666666666664
-0.75
1.5833333333333333
-2688.3333333333335
-1.0
-54.666666666666664
-0.25
1.5833333333333333
-4903.583333333333
-1.0833333333333333
-54.083333333333336
0.08333333333333333
2.1666666666666665
-6789.916666666667
-1.0
-54.75
-0.3333333333333333
2.0
-7806.0
-1.5833333333333333
-54.583333333333336
-0.16666666666666666
2.5
-7975.666666666667
-1.3333333333333333
-54.5
-0.4166666666666667
2.25
-7704.25
-1.5833333333333333
-54.666666666666664
-0.3333333333333333
2.5
-7223.0
-1.1666666666666667
-54.666666666666664
-0.3333333333333333
2.75
-6401.166666666667
-1.5833333333333333
-54.583333333333336
-0.6666666666666666
2.9166666666666665
-5302.916666666667
-1.8333333333333333
-55.083333333333336
-0.4166666666666667
3.1666666666666665
-4152.583333333333
-1.6666666666666667
-54.666666666666664
-0.08333333333333333
3.0
-3185.0833333333335
-2.3333333333333335
-54.75
-0.16666666666666666
2.75
-2673.1666666666665
-2.6666666666666665
-54.666666666666664
-0.25
2.75
-2551.5
-2.9166666666666665
-54.416666666666664
-0.5
2.5833333333333335
-2531.8333333333335
-3.1666666666666665
-55.083333333333336
-0.8333333333333334
2.25
-2402.5833333333335
-3.6666666666666665
-55.25
-0.75
2.3333333333333335
-2244.5833333333335
-3.3333333333333335
-55.0
-0.5833333333333334
2.0833333333333335
-2220.0
-4.0
-55.083333333333336
-0.3333333333333333
2.0833333333333335
-2174.5833333333335
-4.0
-55.083333333333336
-0.3333333333333333
2.0
-1941.4166666666667
-3.9166666666666665
-54.583333333333336
-0.5833333333333334
2.0833333333333335
-1545.3333333333333
-3.75
-54.75
-0.5
1.9166666666666667
-1023.1666666666666
-3.5833333333333335
-54.75
-0.16666666666666666
2.0
-496.75
-3.3333333333333335
-54.916666666666664
-1.0
2.5
-246.41666666666666
-3.25
-54.416666666666664
-0.25
2.3333333333333335
-312.8333333333333
-3.4166666666666665
-53.916666666666664
-0.08333333333333333
2.25
-231.41666666666666
-2.9166666666666665
-54.416666666666664
-0.16666666666666666
2.25
513.3333333333334
-3.0
-54.25
1.8333333333333333
1801.0833333333333
-3.4166666666666665
-54.5
0.25
2.3333333333333335
3003.3333333333335
-3.3333333333333335
-54.083333333333336
0.75
2.3333333333333335
3558.75
-3.3333333333333335
-53.583333333333336
1.3333333333333333
1.9166666666666667
3246.3333333333335
-3.4166666666666665
-53.833333333333336
1.25
2.3333333333333335
2310.5833333333335
-3.9166666666666665
-53.583333333333336
0.9166666666666666
2.5
1163.6666666666667
-3.3333333333333335
-53.916666666666664
1.3333333333333333
2.6666666666666665
200.75
-3.4166666666666665
-54.0
1.75
2.8333333333333335
-144.41666666666666
-3.1666666666666665
-54.0
1.5833333333333333
2.6666666666666665
283.75
-2.75
-53.833333333333336
1.9166666666666667
2.4166666666666665
1240.5
-3.1666666666666665
-53.333333333333336
1.75
1.6666666666666667
2304.9166666666665
-3.3333333333333335
-53.5
1.5833333333333333
-0.6666666666666666
3089.0
-3.1666666666666665
-53.416666666666664
1.3333333333333333
-5.166666666666667
3270.25
-3.4166666666666665
-53.25
1.5833333333333333
-10.75
2784.5833333333335
-3.3333333333333335
-53.75
1.9166666666666667
-16.166666666666668
2092.8333333333335
-3.5
-53.25
2.0833333333333335
-20.0
1897.8333333333333
-3.8333333333333335
-52.916666666666664
1.9166666666666667
-21.75
2563.5833333333335
-3.3333333333333335
-53.666666666666664
1.9166666666666667
-21.5
3982.3333333333335
-3.4166666666666665
-53.25
2.0
-19.916666666666668
5604.666666666667
-3.5833333333333335
-52.75
2.25
-17.25
6604.666666666667
-3.3333333333333335
-52.25
2.25
-12.583333333333334
6448.333333333333
-3.75
-52.416666666666664
2.0833333333333335
-7.083333333333333
5102.75
-7.083333333333333
-52.25
2.0833333333333335
-1.6666666666666667
2991.5833333333335
-13.833333333333334
-52.333333333333336
1.6666666666666667
2.6666666666666665
837.6666666666666
-24.0
-52.333333333333336
2.0
5.916666666666667
-722.1666666666666
-37.833333333333336
-52.083333333333336
2.8333333333333335
7.416666666666667
-1310.4166666666667
-53.416666666666664
-51.666666666666664
2.25
7.75
-833.0
-68.91666666666667
-51.583333333333336
2.6666666666666665
8.0
495.9166666666667
-80.08333333333333
-51.0
2.4166666666666665
5.916666666666667
2193.8333333333335
-84.41666666666667
-51.25
2.5
1.25
3745.5833333333335
-80.91666666666667
-51.5
2.75
-3.9166666666666665
4787.833333333333
-70.08333333333333
-50.916666666666664
2.25
-8.166666666666666
5191.5
-51.083333333333336
-51.416666666666664
2.25
-12.0
5161.0
-29.5
-51.166666666666664
2.5
-13.25
5032.083333333333
-6.333333333333333
-51.0
2.8333333333333335
-13.166666666666666
4958.583333333333
15.0
-51.083333333333336
3.0833333333333335
-11.833333333333334
4894.333333333333
32.166666666666664
-50.916666666666664
2.6666666666666665
-9.0
4692.5
44.5
-51.333333333333336
2.75
-4.0
4195.333333333333
52.916666666666664
-51.083333333333336
3.0833333333333335
1.8333333333333333
3350.1666666666665
55.666666666666664
-50.583333333333336
3.0833333333333335
8.583333333333334
2155.25
53.0
-51.333333333333336
3.25
16.0
606.0
45.0
-51.416666666666664
3.3333333333333335
23.416666666666668
-1161.4166666666667
28.833333333333332
-51.5
3.3333333333333335
29.833333333333332
-2778.5
6.833333333333333
-51.083333333333336
3.5833333333333335
33.75
-3763.4166666666665
-19.75
-51.333333333333336
3.25
36.333333333333336
-3454.0
-47.416666666666664
-51.5
4.166666666666667
37.166666666666664
-1413.6666666666667
-70.91666666666667
-51.416666666666664
3.5
36.0
1787.0833333333333
-87.33333333333333
-51.083333333333336
3.8333333333333335
33.666666666666664
5089.75
-93.33333333333333
-50.916666666666664
3.8333333333333335
29.416666666666668
7749.166666666667
-85.91666666666667
-51.166666666666664
3.5833333333333335
24.166666666666668
9336.416666666666
-64.41666666666667
-50.75
4.25
18.916666666666668
9779.083333333334
-33.333333333333336
-50.666666666666664
3.75
15.333333333333334
9298.083333333334
2.9166666666666665
-50.416666666666664
4.25
13.75
7763.833333333333
38.25
-50.75
3.75
13.75
5177.0
65.25
-50.333333333333336
4.75
15.0
2562.4166666666665
82.58333333333333
-50.583333333333336
4.833333333333333
16.833333333333332
801.0
90.16666666666667
-50.416666666666664
5.166666666666667
20.083333333333332
-72.58333333333333
88.75
-50.083333333333336
5.416666666666667
23.75
-546.75
81.08333333333333
-50.583333333333336
4.75
27.083333333333332
-1550.1666666666667
68.66666666666667
-49.916666666666664
4.75
29.5
-3692.1666666666665
53.666666666666664
-49.916666666666664
5.0
30.666666666666668
-6225.166666666667
37.0
-49.833333333333336
5.416666666666667
31.166666666666668
-7737.5
20.916666666666668
-49.666666666666664
5.166666666666667
30.75
-7939.0
7.916666666666667
-49.166666666666664
5.416666666666667
30.0
-7124.75
0.8333333333333334
-49.5
5.666666666666667
27.75
-5420.0
2.0833333333333335
-49.5
6.083333333333333
25.0
-3122.6666666666665
9.166666666666666
-49.416666666666664
6.166666666666667
22.833333333333332
-364.25
20.416666666666668
-49.25
6.166666666666667
21.333333333333332
2538.0
32.5
-49.083333333333336
6.25
20.583333333333332
4398.583333333333
43.583333333333336
-49.416666666666664
6.0
20.5
4136.333333333333
52.166666666666664
-49.25
5.5
19.833333333333332
2232.9166666666665
57.333333333333336
-49.25
6.083333333333333
20.083333333333332
45.416666666666664
55.25
-49.0
6.25
20.333333333333332
-1380.3333333333333
45.25
-49.083333333333336
5.583333333333333
21.0
-1759.0
28.916666666666668
-49.0
5.666666666666667
21.916666666666668
-1704.0833333333333
11.083333333333334
-49.25
5.666666666666667
18.583333333333332
-1993.25
-2.9166666666666665
-49.083333333333336
5.833333333333333
11.75
-2659.5
-12.666666666666666
-49.666666666666664
5.5
4.166666666666667
-3047.6666666666665
-17.333333333333332
-49.083333333333336
5.416666666666667
-4.333333333333333
-3143.75
-16.333333333333332
-48.5
5.666666666666667
-11.5
-3471.9166666666665
-7.166666666666667
-48.833333333333336
5.75
-16.416666666666668
-3848.1666666666665
11.5
-49.25
5.833333333333333
-18.5
-3945.5833333333335
35.333333333333336
-49.666666666666664
5.083333333333333
-16.5
-3668.5833333333335
61.5
-49.416666666666664
5.333333333333333
-10.75
-2710.0833333333335
84.58333333333333
-48.833333333333336
5.083333333333333
-1.0833333333333333
-1642.9166666666667
102.66666666666667
-48.666666666666664
5.0
8.5
-1545.0833333333333
116.41666666666667
-48.416666666666664
5.416666666666667
14.666666666666666
-2313.9166666666665
122.33333333333333
-48.666666666666664
5.166666666666667
18.25
-3282.6666666666665
117.91666666666667
-47.833333333333336
5.166666666666667
18.5
-3827.4166666666665
100.41666666666667
-47.666666666666664
4.75
20.833333333333332
-3750.5
71.08333333333333
-47.5
4.75
24.583333333333332
-3450.9166666666665
36.0
-47.5
5.0
26.583333333333332
-3426.0
2.25
-47.166666666666664
5.0
24.0
-3577.0
-24.5
-47.0
4.916666666666667
15.0
-3253.5
-42.0
-46.666666666666664
4.833333333333333
-0.3333333333333333
-2706.25
-49.833333333333336
-47.083333333333336
4.5
-18.333333333333332
-2432.75
-50.833333333333336
-46.75
4.833333333333333
-35.083333333333336
-2365.8333333333335
-42.5
-46.75
4.75
-48.0
-2652.5833333333335
-28.666666666666668
-46.583333333333336
4.75
-56.416666666666664
-3067.9166666666665
-12.333333333333334
-46.666666666666664
5.0
-61.583333333333336
-3097.0
3.0
-46.833333333333336
4.75
-62.5
-3104.9166666666665
15.75
-46.5
4.916666666666667
-58.166666666666664
-3633.25
25.666666666666668
-46.166666666666664
4.916666666666667
-49.333333333333336
-4467.0
30.75
-46.166666666666664
4.75
-37.666666666666664
-5078.833333333333
31.166666666666668
-45.833333333333336
5.166666666666667
-24.416666666666668
-4927.75
25.416666666666668
-46.166666666666664
4.833333333333333
-9.666666666666666
-3955.75
14.583333333333334
-46.5
4.5
6.333333333333333
-2736.9166666666665
1.25
-46.166666666666664
4.75
21.0
-1971.75
-12.75
-45.916666666666664
4.75
29.666666666666668
-1964.5
-25.5
-46.0
4.583333333333333
29.75
-2373.8333333333335
-35.833333333333336
-46.416666666666664
4.25
19.416666666666668
-2908.25
-43.833333333333336
-46.166666666666664
4.666666666666667
1.5833333333333333
-3388.3333333333335
-48.833333333333336
-45.416666666666664
4.75
-14.75
-3680.5833333333335
-50.416666666666664
-45.083333333333336
4.5
-26.333333333333332
-3969.25
-52.5
-45.833333333333336
5.083333333333333
-32.916666666666664
-4356.833333333333
-55.916666666666664
-47.5
4.833333333333333
-37.666666666666664
-4690.5
-62.333333333333336
-52.75
5.166666666666667
-41.0
-4741.583333333333
-69.41666666666667
-60.583333333333336
5.75
-41.416666666666664
-4576.25
-76.83333333333333
-72.5
5.666666666666667
-39.166666666666664
-4517.666666666667
-86.75
-87.33333333333333
5.583333333333333
-33.75
-4505.166666666667
-100.58333333333333
-103.0
5.416666666666667
-23.833333333333332
-4111.833333333333
-117.08333333333333
-115.75
5.75
-8.75
-3085.1666666666665
-131.0
-124.58333333333333
5.75
10.083333333333334
-1427.5
-135.0
-127.08333333333333
6.166666666666667
28.083333333333332
696.8333333333334
-128.33333333333334
-122.33333333333333
5.916666666666667
42.5
2860.25
-112.75
-112.58333333333333
5.75
48.166666666666664
4605.083333333333
-91.08333333333333
-98.75
6.083333333333333
43.083333333333336
5820.5
-66.66666666666667
-83.16666666666667
5.666666666666667
29.166666666666668
6636.25
-41.083333333333336
-67.08333333333333
5.083333333333333
11.916666666666666
7060.083333333333
-15.333333333333334
-51.916666666666664
4.916666666666667
-2.25
6842.916666666667
7.583333333333333
-38.083333333333336
4.916666666666667
-12.0
5692.25
22.666666666666668
-25.583333333333332
5.0
-17.916666666666668
3715.25
27.0
-13.083333333333334
4.333333333333333
-21.833333333333332
1539.4166666666667
19.916666666666668
-0.8333333333333334
4.416666666666667
-23.666666666666668
-213.58333333333334
2.3333333333333335
9.166666666666666
4.75
-22.5
-1334.5833333333333
-23.25
14.75
4.333333333333333
-16.416666666666668
-1924.5833333333333
-52.666666666666664
13.083333333333334
4.166666666666667
-3.75
-2127.75
-84.41666666666667
4.25
4.083333333333333
14.166666666666666
-2047.25
-114.0
-10.0
4.333333333333333
35.333333333333336
-1738.75
-134.91666666666666
-27.916666666666668
3.8333333333333335
53.833333333333336
-1139.3333333333333
-143.33333333333334
-46.166666666666664
3.5833333333333335
68.0
-248.41666666666666
-136.75
-61.833333333333336
3.6666666666666665
76.91666666666667
781.9166666666666
-113.75
-72.08333333333333
3.5
74.91666666666667
1938.4166666666667
-73.83333333333333
-76.25
3.9166666666666665
62.083333333333336
3382.75
-23.333333333333332
-73.75
4.166666666666667
43.916666666666664
5123.75
30.083333333333332
-66.41666666666667
4.0
24.833333333333332
6881.416666666667
78.75
-57.0
4.166666666666667
10.0
8212.25
115.0
-46.666666666666664
3.8333333333333335
-0.3333333333333333
8714.333333333334
137.66666666666666
-37.416666666666664
4.166666666666667
-7.75
8241.083333333334
146.66666666666666
-29.0
4.416666666666667
-13.416666666666666
7016.5
144.25
-21.0
3.8333333333333335
-14.916666666666666
5467.5
134.0
-13.666666666666666
4.5
-10.916666666666666
3839.75
119.08333333333333
-5.25
4.583333333333333
2.75
2227.9166666666665
102.08333333333333
2.1666666666666665
4.333333333333333
25.666666666666668
766.5
82.16666666666667
9.583333333333334
4.75
51.666666666666664
-364.8333333333333
55.5
18.333333333333332
4.666666666666667
73.91666666666667
-929.8333333333334
19.833333333333332
27.416666666666668
4.333333333333333
87.5
-816.1666666666666
-23.916666666666668
39.0
4.25
90.08333333333333
-180.75
-62.416666666666664
50.916666666666664
4.583333333333333
80.5
725.5
-76.5
62.666666666666664
4.5
61.25
1782.5
-61.25
71.91666666666667
4.083333333333333
36.916666666666664
2935.8333333333335
-22.916666666666668
77.58333333333333
4.333333333333333
11.833333333333334
4106.25
16.333333333333332
80.16666666666667
4.333333333333333
-9.333333333333334
5154.333333333333
41.333333333333336
75.75
4.25
-25.5
5866.833333333333
50.25
64.75
4.5
-37.416666666666664
6107.666666666667
47.5
48.5
4.083333333333333
-45.333333333333336
5871.666666666667
38.416666666666664
27.0
3.9166666666666665
-48.25
5347.0
25.083333333333332
2.25
4.083333333333333
-44.833333333333336
4687.333333333333
11.0
-21.583333333333332
4.5
-34.0
3812.0
0.9166666666666666
-43.75
4.25
-14.333333333333334
2711.0
-0.75
-61.0
4.083333333333333
8.333333333333334
1529.1666666666667
3.6666666666666665
-72.0
4.083333333333333
28.583333333333332
486.6666666666667
3.1666666666666665
-75.08333333333333
4.25
42.25
-183.08333333333334
-10.666666666666666
-71.33333333333333
4.5
45.833333333333336
-455.75
-31.333333333333332
-61.5
4.416666666666667
38.166666666666664
-505.25
-38.0
-47.25
4.583333333333333
22.75
-461.3333333333333
-19.916666666666668
-31.833333333333332
5.25
3.3333333333333335
-361.5833333333333
18.5
-14.25
4.833333333333333
-16.5
-170.91666666666666
55.416666666666664
7.75
5.166666666666667
-34.0
88.58333333333333
65.25
28.416666666666668
5.166666666666667
-49.75
299.0
37.166666666666664
46.833333333333336
4.833333333333333
-63.333333333333336
404.4166666666667
-20.916666666666668
57.416666666666664
5.25
-73.33333333333333
375.9166666666667
-85.33333333333333
55.25
5.5
-77.66666666666667
341.4166666666667
-138.0
39.833333333333336
5.25
-73.41666666666667
439.3333333333333
-170.75
13.083333333333334
5.0
-59.083333333333336
533.75
-181.75
-22.75
4.916666666666667
-35.083333333333336
489.0833333333333
-169.58333333333334
-61.916666666666664
4.666666666666667
-6.833333333333333
306.75
-133.83333333333334
-97.66666666666667
4.833333333333333
17.333333333333332
46.583333333333336
-80.0
-124.83333333333333
5.0
33.333333333333336
-164.58333333333334
-21.166666666666668
-143.16666666666666
4.25
38.75
-191.5
27.916666666666668
-150.83333333333334
4.5
33.5
-83.58333333333333
66.91666666666667
-152.0
4.416666666666667
20.166666666666668
81.16666666666667
103.83333333333333
-150.0
4.5
4.333333333333333
375.0833333333333
142.58333333333334
-142.16666666666666
4.75
-11.416666666666666
732.0
176.0
-129.75
4.75
-26.166666666666668
998.5
184.16666666666666
-111.83333333333333
5.083333333333333
-42.083333333333336
1045.0833333333333
153.5
-92.41666666666667
4.666666666666667
-58.833333333333336
706.0833333333334
88.16666666666667
-74.66666666666667
4.833333333333333
-72.91666666666667
0.25
8.416666666666666
-62.416666666666664
4.75
-78.66666666666667
-815.8333333333334
-65.66666666666667
-57.583333333333336
4.5
-72.16666666666667
-1457.9166666666667
-123.75
-58.166666666666664
4.833333333333333
-51.75
-1835.5
-169.83333333333334
-64.58333333333333
4.916666666666667
-20.666666666666668
-1998.5
-203.5
-76.5
4.75
12.083333333333334
-2005.25
-216.91666666666666
-90.5
5.083333333333333
36.75
-1971.0
-201.33333333333334
-105.58333333333333
5.583333333333333
49.75
-1947.0
-157.66666666666666
-120.91666666666667
5.333333333333333
48.833333333333336
-1910.0833333333333
-97.83333333333333
-134.16666666666666
5.25
34.916666666666664
-1878.4166666666667
-33.083333333333336
-145.75
5.5
14.166666666666666
-1783.5833333333333
37.416666666666664
-157.5
5.416666666666667
-7.583333333333333
-1474.25
116.91666666666667
-163.5
5.416666666666667
-26.333333333333332
-866.9166666666666
191.91666666666666
-159.66666666666666
5.666666666666667
-40.916666666666664
-33.25
238.58333333333334
-146.83333333333334
5.666666666666667
-52.166666666666664
789.3333333333334
231.91666666666666
-127.5
5.416666666666667
-62.0
1311.9166666666667
169.83333333333334
-110.0
5.25
-68.75
1362.3333333333333
79.91666666666667
-102.41666666666667
5.166666666666667
-67.33333333333333
1046.0
-4.75
-103.33333333333333
