-40.0
-42.0
-46.0
-44.0
-47.0
-45.0
-56.0
-97.0
-216.0
-327.0
-375.0
-355.0
-263.0
-144.0
1304.0
5118.0
9303.0
11254.0
10433.0
7430.0
4006.0
2912.0
2749.0
365.0
-2605.0
-4048.0
-3893.0
-2116.0
-942.0
-3764.0
-8265.0
-8756.0
-5291.0
-1147.0
2322.0
3320.0
2279.0
3271.0
5166.0
3608.0
-514.0
-4235.0
-5680.0
-3709.0
-159.0
356.0
-2265.0
-3249.0
-2126.0
-1169.0
-347.0
-1234.0
-3919.0
-4029.0
-1998.0
-1762.0
-3268.0
-4955.0
-5643.0
-4118.0
-1258.0
-695.0
-2477.0
-2437.0
-471.0
1082.0
2403.0
1863.0
-1309.0
-2727.0
-2123.0
-2880.0
-4465.0
-5475.0
-5514.0
-3805.0
-1067.0
-410.0
-1486.0
-155.0
3287.0
5981.0
7935.0
7272.0
3150.0
423.0
-270.0
-1916.0
-3654.0
-4141.0
-3567.0
-1904.0
-42.0
-900.0
-3487.0
-2905.0
592.0
4602.0
8719.0
9573.0
6247.0
3515.0
2054.0
-276.0
-2535.0
-3336.0
-2317.0
279.0
2653.0
1584.0
-2227.0
-3314.0
-712.0
3029.0
7738.0
9714.0
6685.0
3791.0
1788.0
-1611.0
-4692.0
-6165.0
-5344.0
-1910.0
1793.0
1986.0
-1292.0
-2664.0
-540.0
2590.0
7045.0
9358.0
6684.0
4203.0
2328.0
-1552.0
-4914.0
-6496.0
-6220.0
-3421.0
-193.0
-295.0
-4907.0
-10100.0
-11805.0
-9577.0
-3230.0
3080.0
3978.0
1585.0
-1335.0
-3917.0
-4559.0
-3308.0
-1620.0
-74.0
1609.0
2850.0
2746.0
1660.0
1578.0
3832.0
6899.0
8141.0
5711.0
-245.0
-6368.0
-9320.0
-8252.0
-3989.0
722.0
3465.0
3737.0
2127.0
12.0
-1230.0
-169.0
3489.0
7811.0
10711.0
10800.0
7700.0
2811.0
-1766.0
-4188.0
-3870.0
-2042.0
-331.0
501.0
290.0
-475.0
-401.0
1278.0
4221.0
7293.0
8909.0
8235.0
5366.0
1243.0
-2324.0
-3833.0
-3258.0
-1744.0
-604.0
-463.0
-1344.0
-1272.0
2253.0
7574.0
11580.0
13026.0
11262.0
7850.0
5641.0
3276.0
-1086.0
-4791.0
-5820.0
-4445.0
-1740.0
-679.0
-4891.0
-11439.0
-12866.0
-9056.0
-3112.0
3122.0
5796.0
5056.0
4815.0
4008.0
-2.0
-5125.0
-8251.0
-7818.0
-3904.0
489.0
527.0
-5267.0
-11941.0
-15334.0
-15408.0
-11708.0
-6955.0
-5071.0
-4448.0
-3458.0
-2758.0
-2722.0
-3190.0
-3299.0
-2378.0
75.0
3255.0
5025.0
4512.0
2583.0
587.0
-618.0
-1689.0
-3661.0
-6120.0
-7814.0
-7440.0
-5152.0
-2508.0
-732.0
9.0
248.0
931.0
3779.0
9222.0
15079.0
18470.0
18337.0
14941.0
9750.0
5851.0
3018.0
-686.0
-3390.0
-3515.0
-2075.0
-65.0
401.0
-3019.0
-7576.0
-7476.0
-2204.0
4548.0
10720.0
13746.0
12476.0
10685.0
8645.0
3638.0
-2157.0
-5538.0
-5344.0
-1796.0
1881.0
1295.0
-2885.0
-4864.0
-3188.0
-769.0
1967.0
2559.0
29.0
-507.0
575.0
-292.0
-2378.0
-4443.0
-5139.0
-3161.0
-186.0
-541.0
-4324.0
-6452.0
-5032.0
-1714.0
2922.0
5714.0
3658.0
1078.0
-502.0
-3647.0
-6434.0
-7449.0
-7064.0
-4649.0
-1420.0
-1151.0
-4853.0
-9221.0
-11454.0
-10263.0
-5627.0
-773.0
631.0
-623.0
-1714.0
-2039.0
-1639.0
-282.0
556.0
277.0
386.0
1065.0
1623.0
1725.0
2237.0
4024.0
5849.0
6046.0
3305.0
-1925.0
-6558.0
-7612.0
-4566.0
1031.0
6102.0
7724.0
5864.0
2422.0
724.0
3303.0
8947.0
14713.0
18109.0
17819.0
14525.0
10553.0
5498.0
-1677.0
-7333.0
-8416.0
-5325.0
-4.0
3310.0
712.0
-5171.0
-7324.0
-3949.0
1764.0
7404.0
10268.0
9610.0
9090.0
8254.0
3732.0
-2296.0
-6377.0
-7057.0
-4165.0
-494.0
-1173.0
-7365.0
-13607.0
-16124.0
-14432.0
-9039.0
-4338.0
-3110.0
-3523.0
-3856.0
-3501.0
-2986.0
-2393.0
-1386.0
-151.0
1675.0
2930.0
1956.0
-633.0
-2684.0
-2109.0
143.0
1444.0
220.0
-3619.0
-7530.0
-8940.0
-7624.0
-4640.0
-1517.0
592.0
1604.0
2064.0
3591.0
7601.0
12450.0
15487.0
15569.0
12611.0
8334.0
5825.0
4335.0
1372.0
-1198.0
-1647.0
-871.0
250.0
-430.0
-5361.0
-11223.0
-11581.0
-5853.0
2824.0
11336.0
15569.0
14410.0
11391.0
7187.0
526.0
-5409.0
-7234.0
-4513.0
1104.0
5498.0
4223.0
-2964.0
-10862.0
-14929.0
-15014.0
-11695.0
-7474.0
-5610.0
-4692.0
-3091.0
-1702.0
-1516.0
-1903.0
-1448.0
143.0
2751.0
4725.0
4178.0
1608.0
-746.0
-833.0
1304.0
3131.0
1828.0
-2597.0
-7673.0
-10810.0
-11199.0
-9906.0
-8191.0
-6308.0
-3999.0
-1038.0
3759.0
10572.0
16652.0
18919.0
16987.0
12391.0
7504.0
5232.0
4683.0
3186.0
1810.0
1507.0
1124.0
-32.0
-3435.0
-10444.0
-17554.0
-18365.0
-11250.0
-20.0
11335.0
18154.0
18017.0
14849.0
10118.0
3089.0
-2563.0
-3956.0
-1126.0
4391.0
8572.0
7186.0
-458.0
-9841.0
-15936.0
-17986.0
-15449.0
-10467.0
-7593.0
-5676.0
-3320.0
-1811.0
-1258.0
-576.0
1238.0
4142.0
7466.0
9188.0
7571.0
3484.0
-310.0
-1607.0
78.0
2544.0
2119.0
-1821.0
-7168.0
-11475.0
-13286.0
-12901.0
-11256.0
-8450.0
-4517.0
65.0
5945.0
12946.0
18565.0
20174.0
17448.0
12071.0
6630.0
4157.0
3580.0
2078.0
822.0
670.0
301.0
-1135.0
-4926.0
-12415.0
-20030.0
-20765.0
-13382.0
-1875.0
10286.0
17961.0
18438.0
15689.0
10672.0
2585.0
-4124.0
-5788.0
-2425.0
4028.0
9037.0
7781.0
930.0
-5266.0
-7545.0
-7712.0
-5683.0
-3224.0
-3198.0
-1792.0
401.0
-1149.0
-4261.0
-5878.0
-4596.0
216.0
5590.0
6112.0
1618.0
-2232.0
-3338.0
-2412.0
799.0
3089.0
1904.0
310.0
-1122.0
-4518.0
-8553.0
-11273.0
-12050.0
-9946.0
-5688.0
-3192.0
-4057.0
-5465.0
-5388.0
-3575.0
-590.0
957.0
-742.0
-3616.0
-4764.0
-3869.0
-1968.0
166.0
995.0
83.0
-851.0
-1005.0
-900.0
-1072.0
-451.0
2343.0
6002.0
7909.0
6167.0
1235.0
-3704.0
-5562.0
-3341.0
1610.0
6157.0
7688.0
6028.0
2813.0
-30.0
-1473.0
-854.0
2183.0
6530.0
10377.0
11659.0
9115.0
3717.0
-2148.0
-5772.0
-5735.0
-2825.0
1078.0
4339.0
6097.0
6446.0
6066.0
5404.0
4657.0
4243.0
4604.0
5424.0
5778.0
4998.0
3037.0
405.0
-2071.0
-4004.0
-5301.0
-5730.0
-5079.0
-1865.0
4795.0
12272.0
16534.0
15844.0
11262.0
5748.0
3121.0
2570.0
861.0
-1063.0
-1804.0
-1569.0
-715.0
-1635.0
-7272.0
-14036.0
-15221.0
-10300.0
-2508.0
4721.0
7817.0
6713.0
5557.0
4559.0
910.0
-3646.0
-6072.0
-5259.0
-1377.0
2587.0
1796.0
-3450.0
-7273.0
-7307.0
-5722.0
-2851.0
-681.0
-1643.0
-1718.0
-741.0
-2456.0
-5231.0
-6799.0
-6434.0
-3572.0
-55.0
-178.0
-3425.0
-4870.0
-3973.0
-2424.0
-424.0
-496.0
-3464.0
-5001.0
-4830.0
-5566.0
-6387.0
-6103.0
-4566.0
-1608.0
1550.0
1467.0
-2415.0
-6338.0
-7823.0
-6654.0
-3368.0
-928.0
-2081.0
-5170.0
-6872.0
-6305.0
-4691.0
-2721.0
-1072.0
-25.0
1810.0
4917.0
7962.0
9254.0
8508.0
6946.0
5678.0
4665.0
2601.0
-863.0
-3923.0
-4745.0
-3304.0
-1034.0
321.0
-20.0
-1204.0
-1444.0
229.0
2917.0
5547.0
7828.0
9649.0
10867.0
10824.0
8982.0
5774.0
2482.0
422.0
-263.0
-457.0
-844.0
-1404.0
-1542.0
-509.0
1459.0
3548.0
5220.0
6118.0
6599.0
6975.0
6873.0
6005.0
4594.0
3277.0
2443.0
1783.0
873.0
-312.0
-1380.0
-1540.0
-881.0
-67.0
622.0
608.0
236.0
223.0
378.0
484.0
440.0
390.0
519.0
673.0
558.0
124.0
-445.0
-667.0
-160.0
636.0
1408.0
2064.0
2129.0
1551.0
535.0
-926.0
-2309.0
-2935.0
-2707.0
-1932.0
-1227.0
-1086.0
-1544.0
-2176.0
-2426.0
-2073.0
-1118.0
218.0
1537.0
2456.0
2621.0
1827.0
416.0
-767.0
-1160.0
-824.0
-426.0
-655.0
-1628.0
-3034.0
-4215.0
-4667.0
-4351.0
-3536.0
-2550.0
-1574.0
-967.0
-1097.0
-1702.0
-2104.0
-1751.0
-451.0
1187.0
2131.0
1927.0
