mspeed,readings,Distance,T,s
0.0,[28.         28.          0.12862563],28.0,0.0,0.0
0.0,[29.         28.          0.24584699],28.5,0.0,0.0
0.0,[28.         28.          0.36319041],28.0,0.0,0.0
0.0,[28.         28.          0.47628236],28.0,0.0,0.0
0.0,[28.         28.          0.59241676],28.0,0.0,0.0
-0.0,[28.         28.          0.72057605],28.0,0.5919504165649414,-0.0
0.0083665571021017,[28.         28.          0.84346437],28.0,0.5976173877716064,0.005
-0.008407858633126406,[29.         28.          0.95787215],28.5,0.5946817398071289,-0.005
-0.008141712205704454,[29.        28.         1.0904038],28.5,0.6141214370727539,-0.005
-0.0,[28.        28.         1.2102735],28.0,0.6178567409515381,-0.0
-0.0,[28.         28.          1.32247329],28.0,0.6018972396850586,-0.0
-0.0,[28.        28.         1.4385016],28.0,0.5950372219085693,-0.0
0.008399194344551874,[28.         28.          1.55316734],28.0,0.5952951908111572,0.005
0.00869523322640257,[28.        28.         1.6654315],28.0,0.5750277042388916,0.005
-0.0,[28.         28.          1.77928329],28.0,0.5690097808837891,-0.0
-0.0,[28.         28.          1.89810395],28.0,0.5756306648254395,-0.0
-0.0,[28.         28.          2.01468134],28.0,0.5761797428131104,-0.0
-0.0,[28.         28.          2.12699938],28.0,0.5738320350646973,-0.0
-0.0,[28.         28.          2.25971985],28.0,0.5942883491516113,-0.0
-0.0,[28.         28.          2.37307549],28.0,0.593792200088501,-0.0
-0.0,[28.         28.          2.48692656],28.0,0.588822603225708,-0.0
-0.0,[28.         28.          2.62179613],28.0,0.6071147918701172,-0.0
-0.0,[28.         28.          2.74195242],28.0,0.6149530410766602,-0.0
-0.0,[28.         28.          2.85474181],28.0,0.5950219631195068,-0.0
-0.0,[28.         28.          2.98337531],28.0,0.610299825668335,-0.0
-0.008177497718889157,[28.         29.          3.09836054],28.5,0.6114339828491211,-0.005
-0.008261981565730981,[28.         29.          3.22697783],28.5,0.6051816940307617,-0.005
-0.0,[28.         28.          3.35778666],28.0,0.6158342361450195,-0.0
-0.0,[28.         28.          3.47343254],28.0,0.6186907291412354,-0.0
-0.0,[28.         28.          3.58920598],28.0,0.6058306694030762,-0.0
0.008043675873713086,[28.         28.          3.71996689],28.0,0.6216063499450684,0.005
0.007957900936057569,[28.         28.          3.85528421],28.0,0.6283063888549805,0.005
-0.0,[28.         28.          3.97849393],28.0,0.6207072734832764,-0.0
-0.0,[28.         28.          4.09419131],28.0,0.6207587718963623,-0.0
-0.0,[28.         28.          4.20664501],28.0,0.6174390316009521,-0.0
-0.0,[28.         28.          4.32595944],28.0,0.6059925556182861,-0.0
-0.0,[28.        28.         4.4813416],28.0,0.6260573863983154,-0.0
-0.0,[28.         28.          4.60197639],28.0,0.6234824657440186,-0.0
-0.0,[28.         28.          4.72034025],28.0,0.6261489391326904,-0.0
-0.0,[28.         28.          4.83683491],28.0,0.6301898956298828,-0.0
