mspeed,readings,Distance,T,s
0.0,0.11915254592895508,17.5,0.0,0.0
0.0,0.22931337356567383,17.5,0.0,0.0
0.0,0.3456697463989258,17.5,0.0,0.0
0.0,0.47946667671203613,17.5,0.0,0.0
0.0,0.5953733921051025,18.0,0.0,0.0
-0.016862492999597564,0.7121846675872803,18.5,0.5930321216583252,-0.01
-0.04802266083963723,0.8540184497833252,20.5,0.6247050762176514,-0.03
-0.1292222541009649,0.9647581577301025,25.5,0.6190884113311768,-0.08
-0.19445402536334278,1.0708661079406738,29.0,0.5913994312286377,-0.115
-0.25307921653101756,1.2275865077972412,34.0,0.6322131156921387,-0.16
-0.33417629771609253,1.3405954837799072,39.5,0.628410816192627,-0.21
-0.40935758355598795,1.4647314548492432,45.5,0.610713005065918,-0.25
-0.5521740052984666,1.5805060863494873,59.5,0.6157479286193848,-0.34
-0.599979172475931,1.695887804031372,66.5,0.6250216960906982,-0.375
-0.6976834368205188,1.8080790042877197,74.5,0.5804924964904785,-0.405
-0.7019629968676244,1.9531633853912354,82.5,0.6125679016113281,-0.43
-0.8895489145104694,2.083022356033325,100.5,0.618290901184082,-0.55
-0.8111446366803421,2.1969189643859863,109.5,0.616412878036499,-0.5
-0.8438574002177465,2.318030834197998,119.0,0.622143030166626,-0.525
-0.8604295377686131,2.4356725215911865,128.5,0.6275935173034668,-0.54
-1.1075169791749184,2.5581202507019043,149.5,0.604956865310669,-0.67
-0.9831533414697755,2.688217878341675,160.0,0.6051955223083496,-0.595
-1.0094108586830959,2.806185245513916,171.0,0.6092662811279297,-0.615
-1.0383996831055655,2.929548740386963,182.5,0.6115179061889648,-0.635
-1.0701388901873163,3.0477426052093506,194.0,0.6120700836181641,-0.655
-1.1230888137921151,3.163593292236328,217.5,0.6054730415344238,-0.68
-1.170200681556975,3.282133102416992,229.5,0.5939152240753174,-0.695
-1.1481536698087782,3.4245693683624268,242.0,0.6183841228485107,-0.71
-1.1814674598882278,3.5431923866271973,255.0,0.6136436462402344,-0.725
-1.4368777644990383,3.65322208404541,281.0,0.6054794788360596,-0.87
-1.2312174524658366,3.7849295139312744,294.0,0.6213362216949463,-0.765
-1.2485986908592537,3.9028289318084717,307.0,0.6206958293914795,-0.775
-1.3304931919387415,4.018334150314331,321.0,0.5937647819519043,-0.79
-1.3044602317182328,4.152639865875244,334.5,0.6094474792480469,-0.795
-1.3155563954057956,4.268931150436401,362.0,0.6157090663909912,-0.81
-1.3731139875216216,4.385753631591797,376.5,0.6008241176605225,-0.825
