mspeed,readings,Distance,T,s
0.0,[29.         28.          0.12787104],28.5,0.0,0.0
0.0,[29.         28.          0.23997211],28.5,0.0,0.0
0.0,[28.         28.          0.35613227],28.0,0.0,0.0
0.0,[28.         28.          0.46943665],28.0,0.0,0.0
0.0,[28.         28.          0.58530259],28.0,0.0,0.0
0.008197815325246346,[28.         28.          0.73778963],28.0,0.6099185943603516,0.005
-0.0,[28.         29.          0.85334229],28.5,0.6133701801300049,-0.0
-0.024536568966902407,[30.         29.          0.96746469],29.5,0.6113324165344238,-0.015
-0.03181608993121047,[30.        30.         1.0980494],30.0,0.628612756729126,-0.02
-0.06428697440126174,[31.         33.          1.20751262],32.0,0.6222100257873535,-0.04
-0.09381299598292969,[34.         33.          1.32406235],33.5,0.5862727165222168,-0.055
-0.10643712696414796,[34.         36.          1.46403146],35.0,0.6106891632080078,-0.065
-0.12245914236931046,[38.         36.          1.57991385],37.0,0.6124491691589355,-0.075
-0.15937035613451206,[38.        41.         1.6941452],39.5,0.5960958003997803,-0.095
-0.2039971596159645,[44.         46.          1.84477639],45.0,0.6372637748718262,-0.13
-0.23408274565744913,[51.         46.          1.96486139],48.5,0.6407990455627441,-0.15
-0.2711715192042135,[51.         53.          2.09094095],52.0,0.6269094944000244,-0.17
-0.36939772645902524,[58.         62.          2.20254898],60.0,0.6226351261138916,-0.23
-0.39527125929658485,[66.         62.          2.31397271],64.0,0.6198275089263916,-0.245
-0.3918614160127451,[66.         70.          2.43171859],68.0,0.586942195892334,-0.23
-0.4252097819340423,[76.         70.          2.54104757],73.0,0.5761861801147461,-0.245
-0.4512097198785015,[76.         79.          2.65608835],77.5,0.5651473999023438,-0.255
-0.39122486549281144,[85.         79.          2.76488543],82.0,0.5623364448547363,-0.22
-0.40325869666698166,[85.         90.          2.89672518],87.5,0.5827524662017822,-0.235
-0.5289477259712094,[ 96.         101.           3.00833511],98.5,0.5766165256500244,-0.305
-0.5320616785731531,[107.         101.           3.12368679],104.0,0.582639217376709,-0.31
-0.5370846716993364,[107.         112.           3.25189757],109.5,0.5958092212677002,-0.32
-0.5515632124710301,[119.         112.           3.37225008],115.5,0.6073646545410156,-0.335
-0.5626843824142507,[119.         124.           3.50097156],121.5,0.6042463779449463,-0.34
-0.5286658194549275,[130.         135.           3.65146351],132.5,0.6431283950805664,-0.34
-0.5443544607206212,[143.        135.          3.7666502],139.0,0.6429634094238281,-0.35
-0.5732451240263048,[143.         148.           3.87990117],145.5,0.6280035972595215,-0.36
-0.5715622674758305,[156.         148.           4.01085067],152.0,0.6386005878448486,-0.365
-0.6781805253468458,[168.         160.           4.12764835],164.0,0.6266767978668213,-0.425
-0.6381524500936507,[168.         173.           4.24693251],170.5,0.5954689979553223,-0.38
-0.6244005664845637,[181.         173.           4.37523389],177.0,0.6085836887359619,-0.38
-0.6216679973710949,[181.         186.           4.49115992],183.5,0.6112587451934814,-0.38
-0.7284318551767583,[194.         198.           4.61488795],196.0,0.6040372848510742,-0.44
-0.6222717598599471,[207.        198.          4.7463491],202.5,0.6187007427215576,-0.385
-0.6351608172318073,[207.         212.           4.86095023],209.5,0.6140177249908447,-0.39
