mspeed,readings,Distance,T,s
0.0,[4.88000000e+02 4.86000000e+02 1.15288019e-01],487.0,0.0,0.0
0.0,[4.88000000e+02 4.86000000e+02 2.44241238e-01],487.0,0.0,0.0
0.0,[4.88000000e+02 4.86000000e+02 3.55567455e-01],487.0,0.0,0.0
0.0,[4.88000000e+02 4.86000000e+02 4.69267607e-01],487.0,0.0,0.0
0.0,[488.         483.           0.60376835],485.5,0.0,0.0
0.049958458316376665,[485.         483.           0.71578693],484.0,0.6004989147186279,0.03
0.10135747306150363,[485.         477.           0.83620548],481.0,0.5919642448425293,0.06
0.16181353826686112,[477.         477.           0.97356272],477.0,0.6179952621459961,0.1
0.3479305169405662,[463.         468.           1.08720708],465.5,0.6179394721984863,0.215
0.42653973004165907,[463.         457.           1.20160246],460.0,0.5978341102600098,0.255
0.4823136498055668,[451.         457.           1.33778882],454.0,0.6220018863677979,0.3
0.544675530277716,[451.         444.           1.45125055],447.5,0.6150450706481934,0.335
0.7456767277463848,[436.         428.           1.57704139],432.0,0.6034786701202393,0.45
0.6656893289513511,[419.         428.           1.71813202],423.5,0.6309249401092529,0.42
0.7131270013091751,[419.        411.          1.8326261],415.0,0.631023645401001,0.45
0.7963172206860081,[401.         411.           1.94056368],406.0,0.6027748584747314,0.48
0.8235169038680091,[401.         392.           2.07054567],396.5,0.6192951202392578,0.51
0.9214243727609815,[381.         371.           2.18479609],376.0,0.6077547073364258,0.56
0.97294932033026,[360.         371.           2.31425762],365.5,0.596125602722168,0.58
0.985694016779943,[360.         349.           2.44640684],354.5,0.6137807369232178,0.605
0.9928670941367216,[337.         349.           2.57508969],343.0,0.6345260143280029,0.63
1.2287124768226527,[313.         327.           2.69314861],320.0,0.6226029396057129,0.765
1.0720851847595223,[313.         302.           2.82373786],307.5,0.638941764831543,0.685
1.131750425700401,[288.         302.           2.93718648],295.0,0.6229288578033447,0.705
1.1996925878641642,[288.         276.           3.05072832],282.0,0.6043214797973633,0.725
1.2259546578642502,[262.         276.           3.17870092],269.0,0.6036112308502197,0.74
1.3005381824426634,[234.         250.           3.29290032],242.0,0.5997517108917236,0.78
1.3565245663417138,[234.         222.           3.40979433],228.0,0.5860564708709717,0.795
1.34615845221661,[206.         222.           3.53889871],214.0,0.6017122268676758,0.81
1.3470580265891985,[206.         195.           3.65575051],200.5,0.6050221920013428,0.815
1.6322243196584167,[179.         166.           3.76991868],172.5,0.5912177562713623,0.965
1.3781900008543237,[148.         166.           3.90965128],157.0,0.616750955581665,0.85
1.3994807440046526,[148.         136.           4.02430797],142.0,0.614513635635376,0.86
1.4139089436690664,[118.         136.           4.15421414],127.0,0.6153154373168945,0.87
1.6181901646268142,[ 87.        105.          4.3015337],96.0,0.6457831859588623,1.045
1.4178625668792963,[87.         75.          4.41525626],81.0,0.6453375816345215,0.915
1.427539839453837,[62.         75.          4.52959895],68.5,0.6199476718902588,0.885
1.2882521750986229,[62.         58.          4.66082931],60.0,0.6365213394165039,0.82
1.25231177484948,[49.         50.          4.77306962],49.5,0.6188554763793945,0.775
0.8269987393196879,[45.         50.          4.88799167],47.5,0.5864579677581787,0.485
0.5596633901169772,[45.         48.          5.03169823],46.5,0.6164419651031494,0.345
0.35420771785815597,[45.         48.          5.15070343],46.5,0.6211044788360596,0.22
0.20853738087283025,[45.         50.          5.26024222],47.5,0.5994129180908203,0.125
0.024291757964906725,[46.         50.          5.39056301],48.0,0.6174933910369873,0.015
-0.01629130501995288,[47.         50.          5.50181603],48.5,0.6138243675231934,-0.01
