mspeed,readings,Distance,T,s
0.0,[19.         19.          0.12629533],19.0,0.0,0.0
0.0,[19.         19.          0.24346066],19.0,0.0,0.0
0.0,[19.         19.          0.35681009],19.0,0.0,0.0
0.0,[19.         19.          0.47340941],19.0,0.0,0.0
0.0,[19.         19.          0.60149622],19.0,0.0,0.0
-0.016729823755266084,[21.         19.          0.72403026],20.0,0.5977349281311035,-0.01
-0.04251338253473297,[21.         22.          0.83151078],21.5,0.588050127029419,-0.025
-0.07619579118707127,[25.         22.          0.94739389],23.5,0.5905838012695312,-0.045
-0.1264915817117407,[25.         28.          1.06633425],26.5,0.5929248332977295,-0.075
-0.2670992292083249,[32.        37.         1.1818049],34.5,0.5803086757659912,-0.155
-0.33909751944778166,[43.         37.          1.31383109],40.0,0.5898008346557617,-0.2
-0.4023990287734267,[43.         48.          1.42793369],45.5,0.5964229106903076,-0.24
-0.468803625867277,[55.        48.         1.5446589],51.5,0.5972650051116943,-0.28
-0.5334663298826887,[55.         62.          1.66618466],58.5,0.5998504161834717,-0.32
-0.6339533856962334,[69.         76.          1.78121805],72.5,0.5994131565093994,-0.38
-0.6855816671644321,[85.         76.          1.90457034],80.5,0.5907392501831055,-0.405
-0.7252799578313182,[85.         93.          2.02770209],89.0,0.5997684001922607,-0.435
-0.7681107836412272,[102.          93.           2.14353085],97.5,0.5988719463348389,-0.46
-0.8052615954552926,[102.         111.           2.26226425],106.5,0.5960795879364014,-0.48
-0.8670957273231868,[121.         130.           2.39245391],125.5,0.6112358570098877,-0.53
-0.9066138675497262,[141.         130.           2.51122332],135.5,0.6066529750823975,-0.55
-0.9460705154922334,[141.         150.           2.62490916],145.5,0.5972070693969727,-0.565
-0.9546810762354171,[162.         150.           2.75630093],156.0,0.6127700805664062,-0.585
-0.989808200212783,[162.        171.          2.8684423],166.5,0.6061780452728271,-0.6
-1.062285383026503,[184.         193.           2.98551488],188.5,0.5930609703063965,-0.63
-1.061562727144022,[206.         193.           3.11410809],199.5,0.6028847694396973,-0.64
-1.0801383007750915,[206.         216.           3.23131299],211.0,0.6064038276672363,-0.655
-1.1357448402766188,[230.         216.           3.34622216],223.0,0.589921236038208,-0.67
-1.13381728743691,[230.         241.           3.47700596],235.5,0.6085636615753174,-0.69
-1.184715090649294,[255.         265.           3.58903551],260.0,0.6035206317901611,-0.715
