mspeed,readings,Distance,T,s
0.0,0.11379718780517578,600.0,0.0,0.0
0.0,0.24681615829467773,600.5,0.0,0.0
0.0,0.37841033935546875,600.0,0.0,0.0
0.0,0.49327659606933594,600.5,0.0,0.0
0.0,0.611666202545166,599.5,0.0,0.0
0.03265114461446962,0.7263331413269043,598.0,0.6125359535217285,0.02
0.16430518906654468,0.8554396629333496,590.5,0.6086235046386719,0.1
0.24532761008722126,0.989837646484375,585.0,0.6114273071289062,0.15
0.3592899915156268,1.105595350265503,578.5,0.612318754196167,0.22
0.4579607654431426,1.2230722904205322,571.5,0.6114060878753662,0.28
0.6979928557883208,1.3423852920532227,555.0,0.6160521507263184,0.43
0.765044682328298,1.463247299194336,544.0,0.6078076362609863,0.465
0.853096188034312,1.581799030303955,534.5,0.5919613838195801,0.505
0.9209815425791843,1.7027842998504639,523.5,0.5971889495849609,0.55
1.0067126916451783,1.8190715312957764,511.5,0.5959992408752441,0.6
0.9312669828979853,1.938347578048706,499.5,0.5959622859954834,0.555
1.2209055460480753,2.052973508834839,472.0,0.5897262096405029,0.72
1.304134864761716,2.1683948040008545,458.0,0.5865957736968994,0.765
1.370153082880892,2.2830114364624023,444.0,0.5802271366119385,0.795
1.3702807352352342,2.4174890518188477,429.5,0.5984175205230713,0.82
1.4380378592057153,2.532907724380493,414.0,0.5945601463317871,0.855
1.4975330402131006,2.6472842693328857,383.0,0.5943107604980469,0.89
1.5093850784447678,2.774601936340332,366.5,0.6062071323394775,0.915
1.5553563656083937,2.8905892372131348,349.5,0.6075778007507324,0.945
1.6315275599946146,3.0089592933654785,333.0,0.5914702415466309,0.965
1.6137898336866165,3.14017391204834,316.0,0.6072661876678467,0.98
1.704091674151422,3.251711845397949,280.0,0.6044275760650635,1.03
1.7205303713682993,3.3819727897644043,262.0,0.6073708534240723,1.045
1.635995082405765,3.538512945175171,243.5,0.6479237079620361,1.06
1.9571258579608621,3.6527605056762695,207.0,0.643801212310791,1.26
2.0252477922509047,3.772195339202881,188.0,0.632021427154541,1.28
1.738297022960104,3.890267848968506,169.0,0.6385560035705566,1.11
1.7664617284070783,4.018839120864868,149.5,0.6368663311004639,1.125
1.9051739696575112,4.136883497238159,129.5,0.5983705520629883,1.14
1.772092982685682,4.265030860900879,98.5,0.6122703552246094,1.085
1.6152158617934047,4.382020950317383,89.5,0.609825611114502,0.985
1.4071686563556516,4.497870922088623,83.5,0.6076030731201172,0.855
1.1449917161120637,4.625830411911011,80.0,0.6069912910461426,0.695
0.8669482727056188,4.742455959320068,77.0,0.6055724620819092,0.525
0.35286311030169104,4.8601624965667725,77.5,0.5951316356658936,0.21
0.1872008035339348,4.996334552764893,78.0,0.6143136024475098,0.115
0.089145915958424,5.114836931228638,78.0,0.6169660091400146,0.055
