mspeed,readings,Distance,T,s
0.0,[3.7900000e+02 3.7500000e+02 1.2947917e-01],377.0,0.0,0.0
0.0,[3.79000000e+02 3.75000000e+02 2.41457224e-01],377.0,0.0,0.0
0.0,[3.79000000e+02 3.75000000e+02 3.58344078e-01],377.0,0.0,0.0
0.0,[379.         375.           0.47792006],377.0,0.0,0.0
0.0,[378.         375.           0.60736322],376.5,0.0,0.0
0.016834905855385236,[377.         375.           0.72348309],376.0,0.5940039157867432,0.01
0.04182863033032051,[377.         372.           0.83913398],374.5,0.5976767539978027,0.025
0.084250547870086,[372.         372.           0.95181203],372.0,0.5934679508209229,0.05
0.11911652921263345,[372.         368.           1.06557989],370.0,0.5876598358154297,0.07
0.15247800607832016,[367.         368.           1.19761229],367.5,0.5902490615844727,0.09
0.18499684637200461,[367.         363.           1.31808782],365.0,0.5946047306060791,0.11
0.27296887005444703,[360.         356.           1.44359851],358.0,0.6044645309448242,0.165
0.28115155190000546,[353.         356.           1.57425213],354.5,0.6224400997161865,0.175
0.3297671849879113,[353.         346.           1.68723059],349.5,0.6216506958007812,0.205
0.3729516709584715,[344.         346.           1.80090761],345.0,0.6032953262329102,0.225
0.4628773444534169,[335.         337.           1.94460368],336.0,0.6265158653259277,0.29
0.4321234137845235,[335.         328.           2.05684924],331.5,0.613250732421875,0.265
0.46904178743122066,[325.         328.           2.17121387],326.5,0.5969617366790771,0.28
0.4399076287906002,[325.         318.           2.32372785],321.5,0.6364972591400146,0.28
0.5480791366073825,[313.         307.           2.43950152],310.0,0.6385939121246338,0.35
0.516732832846731,[302.         307.           2.55420303],304.5,0.6095993518829346,0.315
0.5257535379871392,[302.         295.           2.68451977],298.5,0.6276705265045166,0.33
0.5385527170967785,[290.         295.           2.80253553],292.5,0.6313216686248779,0.34
0.5945921512558071,[290.         283.           2.91236663],286.5,0.5886387825012207,0.35
0.5924602165338033,[278.         270.           3.04713726],274.0,0.6076357364654541,0.36
0.6171131282258523,[264.         270.           3.16187119],267.0,0.6076681613922119,0.375
0.6436467928624562,[264.         257.           3.27490568],260.5,0.590385913848877,0.38
0.6177610658436009,[251.         257.           3.42575383],254.0,0.623218297958374,0.385
0.7400699031366101,[237.         243.           3.54068565],240.0,0.6283190250396729,0.465
0.6675586557600599,[237.         230.           3.65382552],233.5,0.6066882610321045,0.405
0.622740597631032,[223.         230.           3.81222224],226.5,0.6503510475158691,0.405
0.7430019106142272,[208.         216.           3.92766309],212.0,0.6527574062347412,0.485
0.8018809657886138,[208.         201.           4.04305243],204.5,0.6172986030578613,0.495
0.6800064387249934,[195.         201.           4.15832686],198.0,0.6176412105560303,0.42
0.6913353110039777,[195.         186.           4.27581024],190.5,0.6219847202301025,0.43
0.7488380176867877,[178.         186.           4.40647626],182.0,0.5942540168762207,0.445
0.702187886100009,[163.         171.           4.56851721],167.0,0.6408541202545166,0.45
0.6997439314876777,[163.         156.           4.68614483],159.5,0.6430923938751221,0.45
0.7241530828883379,[147.         156.           4.80045629],151.5,0.6421294212341309,0.465
0.7117641297654776,[147.         143.           4.91506696],145.0,0.6392567157745361,0.455
0.7032976684106591,[139.         138.           5.02499104],138.5,0.6185147762298584,0.435
0.5262093217861717,[136.         138.           5.13863254],137.0,0.570115327835083,0.3
0.3931227971368455,[136.         138.           5.25848508],137.0,0.5723402500152588,0.225
0.24496025670655042,[137.         138.           5.37197757],137.5,0.5715212821960449,0.14
0.1232113884427718,[137.         139.           5.48319626],138.0,0.568129301071167,0.07
-0.0,[138.        139.          5.6124227],138.5,0.5874316692352295,-0.0
-0.025228390408212367,[138.         139.           5.73320079],138.5,0.5945682525634766,-0.015
-0.025375813935478875,[138.         139.           5.84959912],138.5,0.5911140441894531,-0.015
-0.015751592038549173,[138.         139.           6.00683403],138.5,0.6348564624786377,-0.01
-0.007824093401786391,[138.         139.           6.12224793],138.5,0.6390516757965088,-0.005
