-7.105427357601002e-14
-7.105427357601002e-14
-7.105427357601002e-14
7.105427357601002e-14
-7.105427357601002e-14
7.105427357601002e-14
7.105427357601002e-14
7.105427357601002e-14
-7.105427357601002e-14
7.105427357601002e-14
7.105427357601002e-14
-7.105427357601002e-14
-7.105427357601002e-14
-7.105427357601002e-14
7.105427357601002e-14
-7.105427357601002e-14
7.105427357601002e-14
7.105427357601002e-14
-7.105427357601002e-14
-7.105427357601002e-14
-7.105427357601002e-14
-7.105427357601002e-14
-7.105427357601002e-14
5.684341886080802e-14
5.684341886080802e-14
5.684341886080802e-14
-5.684341886080802e-14
-7.105427357601002e-14
7.105427357601002e-14
5.684341886080802e-14
-5.684341886080802e-14
5.684341886080802e-14
-5.684341886080802e-14
-5.684341886080802e-14
5.684341886080802e-14
5.684341886080802e-14
-5.684341886080802e-14
5.684341886080802e-14
-5.684341886080802e-14
-5.684341886080802e-14
-5.684341886080802e-14
-5.684341886080802e-14
-5.684341886080802e-14
5.684341886080802e-14
-5.684341886080802e-14
5.684341886080802e-14
2.5579538487363607e-13
5.115907697472721e-13
2.2737367544323206e-13
3.410605131648481e-13
-1.8189894035458565e-12
-9.094947017729282e-13
2.7284841053187847e-12
-9.094947017729282e-12
5.4569682106375694e-12
-7.275957614183426e-12
2.7284841053187847e-12
-9.094947017729282e-13
9.094947017729282e-13
1.8189894035458565e-12
5.4569682106375694e-12
-7.275957614183426e-12
6.366462912410498e-12
3.637978807091713e-12
-4.547473508864641e-12
1.8189894035458565e-12
5.002220859751105e-12
7.275957614183426e-12
1.8189894035458565e-12
-3.183231456205249e-12
-4.092726157978177e-12
-2.7284841053187847e-12
1.3642420526593924e-12
-2.0463630789890885e-12
-2.2737367544323206e-12
-2.2737367544323206e-12
2.7284841053187847e-12
-1.8189894035458565e-12
-3.637978807091713e-12
2.2737367544323206e-12
-3.637978807091713e-12
2.7284841053187847e-12
5.684341886080801e-13
-2.7284841053187847e-12
-4.547473508864641e-13
-4.547473508864641e-12
4.092726157978177e-12
-4.092726157978177e-12
1.8189894035458565e-12
3.183231456205249e-12
-4.092726157978177e-12
-4.547473508864641e-12
9.094947017729282e-13
1.8189894035458565e-12
-9.094947017729282e-13
-5.4569682106375694e-12
3.637978807091713e-12
-5.4569682106375694e-12
-9.094947017729282e-13
9.094947017729282e-12
4.547473508864641e-12
-1.8189894035458565e-12
-3.637978807091713e-12
4.092726157978177e-12
2.2737367544323206e-12
-2.2737367544323206e-13
-3.410605131648481e-12
9.094947017729282e-13
-9.094947017729282e-12
-7.275957614183426e-12
4.547473508864641e-12
9.094947017729282e-13
-2.2737367544323206e-12
6.821210263296962e-12
-1.8189894035458565e-12
1.8189894035458565e-12
5.4569682106375694e-12
3.637978807091713e-12
-9.094947017729282e-12
-3.637978807091713e-12
-9.094947017729282e-13
2.7284841053187847e-12
4.547473508864641e-13
3.410605131648481e-13
-6.821210263296962e-12
5.4569682106375694e-12
-9.094947017729282e-12
9.094947017729282e-12
4.092726157978177e-12
-3.637978807091713e-12
-6.366462912410498e-12
-5.4569682106375694e-12
-1.6370904631912708e-11
3.637978807091713e-12
2.7284841053187847e-12
-1.8189894035458565e-12
2.7284841053187847e-12
-9.094947017729282e-13
4.547473508864641e-12
-4.547473508864641e-12
1.3642420526593924e-12
1.3642420526593924e-12
-3.637978807091713e-12
-4.547473508864641e-12
-5.002220859751105e-12
4.547473508864641e-12
9.094947017729282e-12
3.637978807091713e-12
-4.547473508864641e-13
-1.8189894035458565e-12
4.092726157978177e-12
-9.094947017729282e-12
-5.4569682106375694e-12
5.4569682106375694e-12
9.094947017729282e-12
-7.275957614183426e-12
-2.7284841053187847e-12
1.3642420526593924e-12
-9.094947017729282e-13
-9.094947017729282e-13
-9.094947017729282e-13
4.547473508864641e-13
-9.094947017729282e-12
-4.547473508864641e-12
-6.366462912410498e-12
-9.094947017729282e-12
-5.4569682106375694e-12
1.8189894035458565e-12
2.2737367544323206e-12
-1.3642420526593924e-12
-9.094947017729282e-13
-1.2732925824820995e-11
-5.4569682106375694e-12
7.275957614183426e-12
1.2732925824820995e-11
1.8189894035458565e-12
-9.094947017729282e-12
-9.094947017729282e-12
3.637978807091713e-12
6.366462912410498e-12
8.185452315956354e-12
9.094947017729282e-12
5.4569682106375694e-12
-1.0913936421275139e-11
1.8189894035458565e-11
-3.637978807091713e-12
7.275957614183426e-12
3.637978807091713e-12
2.7284841053187847e-12
9.094947017729282e-12
5.4569682106375694e-12
2.7284841053187847e-12
-4.547473508864641e-12
-1.000444171950221e-11
4.547473508864641e-12
1.0913936421275139e-11
-7.275957614183426e-12
1.2732925824820995e-11
-1.6370904631912708e-11
9.094947017729282e-12
4.547473508864641e-12
-1.8189894035458565e-12
1.8189894035458565e-12
1.8189894035458565e-12
-4.547473508864641e-13
4.547473508864641e-12
5.4569682106375694e-12
-2.2737367544323206e-12
4.547473508864641e-12
7.275957614183426e-12
3.637978807091713e-12
4.547473508864641e-12
-1.8189894035458565e-12
-5.4569682106375694e-12
-4.547473508864641e-12
1.8189894035458565e-12
5.4569682106375694e-12
-1.8189894035458565e-11
-9.094947017729282e-12
-7.275957614183426e-12
1.4551915228366852e-11
-9.094947017729282e-12
3.637978807091713e-12
5.002220859751105e-12
-6.366462912410498e-12
5.9117155615240335e-12
-9.094947017729282e-12
-7.275957614183426e-12
1.0913936421275139e-11
-1.8189894035458565e-11
1.8189894035458565e-12
-4.547473508864641e-12
4.547473508864641e-12
-4.092726157978177e-12
-3.183231456205249e-12
4.547473508864641e-12
2.7284841053187847e-12
1.3642420526593924e-12
1.1368683772161603e-12
9.094947017729282e-13
4.092726157978177e-12
-2.7284841053187847e-12
-1.8189894035458565e-12
4.092726157978177e-12
-2.7284841053187847e-12
-9.094947017729282e-12
1.8189894035458565e-12
2.7284841053187847e-12
3.637978807091713e-12
3.637978807091713e-12
6.366462912410498e-12
8.185452315956354e-12
-5.4569682106375694e-12
-9.094947017729282e-12
-5.4569682106375694e-12
-6.366462912410498e-12
-9.094947017729282e-12
-5.4569682106375694e-12
6.821210263296962e-13
-5.684341886080801e-13
4.547473508864641e-13
9.094947017729282e-13
-9.094947017729282e-13
1.8189894035458565e-12
3.183231456205249e-12
3.637978807091713e-12
4.092726157978177e-12
-1.8189894035458565e-12
5.4569682106375694e-12
-7.275957614183426e-12
-1.8189894035458565e-12
-7.275957614183426e-12
-5.4569682106375694e-12
-3.183231456205249e-12
3.637978807091713e-12
1.0913936421275139e-11
-1.6370904631912708e-11
-1.8189894035458565e-11
-9.094947017729282e-12
-7.275957614183426e-12
-1.4551915228366852e-11
-1.8189894035458565e-11
3.637978807091713e-12
-1.0913936421275139e-11
7.275957614183426e-12
7.275957614183426e-12
-4.092726157978177e-12
2.7284841053187847e-12
-6.707523425575346e-12
-1.0913936421275139e-11
5.4569682106375694e-12
-6.366462912410498e-12
5.4569682106375694e-12
-1.8189894035458565e-12
-3.637978807091713e-12
3.637978807091713e-12
2.7284841053187847e-12
1.6370904631912708e-11
9.094947017729282e-12
1.0913936421275139e-11
-9.094947017729282e-12
9.094947017729282e-12
3.637978807091713e-12
-1.8189894035458565e-12
-1.3642420526593924e-12
4.547473508864641e-12
-4.547473508864641e-12
-4.547473508864641e-13
-3.382183422218077e-12
-4.320099833421409e-12
9.094947017729282e-13
-9.094947017729282e-13
1.3642420526593924e-12
-2.2737367544323206e-12
-4.547473508864641e-13
9.094947017729282e-12
5.4569682106375694e-12
-8.185452315956354e-12
1.8189894035458565e-12
9.094947017729282e-12
3.637978807091713e-12
1.6370904631912708e-11
-1.2732925824820995e-11
1.0913936421275139e-11
4.547473508864641e-12
9.094947017729282e-12
5.4569682106375694e-12
-3.637978807091713e-12
1.0913936421275139e-11
-7.275957614183426e-12
1.4551915228366852e-11
7.275957614183426e-12
1.8189894035458565e-12
9.094947017729282e-12
1.8189894035458565e-12
2.2737367544323206e-12
1.8189894035458565e-12
-1.0913936421275139e-11
7.275957614183426e-12
-9.094947017729282e-12
9.094947017729282e-12
-4.547473508864641e-12
-4.547473508864641e-13
-9.094947017729282e-13
3.183231456205249e-12
3.183231456205249e-12
2.2737367544323206e-12
1.5916157281026244e-12
1.2505552149377763e-12
-1.3642420526593924e-12
-7.275957614183426e-12
1.0913936421275139e-11
7.275957614183426e-12
7.275957614183426e-12
9.094947017729282e-12
-5.4569682106375694e-12
7.275957614183426e-12
-1.8189894035458565e-11
-1.8189894035458565e-11
1.0913936421275139e-11
1.8189894035458565e-11
-1.0913936421275139e-11
-4.547473508864641e-12
3.637978807091713e-12
4.547473508864641e-12
1.8189894035458565e-12
1.8189894035458565e-11
1.0913936421275139e-11
-1.2732925824820995e-11
2.1827872842550278e-11
3.637978807091713e-11
-2.1827872842550278e-11
-1.0913936421275139e-11
1.4551915228366852e-11
1.8189894035458565e-11
-3.637978807091713e-12
-3.637978807091713e-12
7.275957614183426e-12
-2.7284841053187847e-12
-2.5011104298755527e-12
3.637978807091713e-12
1.8189894035458565e-11
-1.0913936421275139e-11
1.0913936421275139e-11
-1.4551915228366852e-11
-1.0913936421275139e-11
-9.094947017729282e-12
-3.637978807091713e-12
4.547473508864641e-12
-1.8189894035458565e-12
-1.8189894035458565e-12
-1.8189894035458565e-12
1.8189894035458565e-12
-2.2737367544323206e-13
-6.821210263296962e-12
-1.0913936421275139e-11
-7.275957614183426e-12
7.275957614183426e-12
9.094947017729282e-12
-1.8189894035458565e-11
3.637978807091713e-12
1.8189894035458565e-11
1.2732925824820995e-11
-1.6370904631912708e-11
-1.8189894035458565e-11
5.4569682106375694e-12
4.547473508864641e-12
3.637978807091713e-12
1.6370904631912708e-11
1.8189894035458565e-11
1.0913936421275139e-11
-1.8189894035458565e-11
1.2732925824820995e-11
-2.1827872842550278e-11
7.275957614183426e-12
-2.1827872842550278e-11
1.0913936421275139e-11
-1.4551915228366852e-11
-3.637978807091713e-12
1.0913936421275139e-11
-9.094947017729282e-12
5.4569682106375694e-12
4.547473508864641e-12
4.547473508864641e-13
-3.637978807091713e-12
5.4569682106375694e-12
5.4569682106375694e-12
-4.547473508864641e-12
-3.637978807091713e-12
4.092726157978177e-12
9.094947017729282e-12
5.4569682106375694e-12
9.094947017729282e-13
5.4569682106375694e-12
-3.865352482534945e-12
-3.637978807091713e-12
-9.094947017729282e-12
9.094947017729282e-12
4.547473508864641e-12
5.4569682106375694e-12
3.637978807091713e-12
-3.637978807091713e-12
3.183231456205249e-12
-4.092726157978177e-12
2.7284841053187847e-12
3.183231456205249e-12
4.547473508864641e-12
3.183231456205249e-12
3.410605131648481e-12
9.094947017729282e-13
-9.094947017729282e-13
-5.684341886080801e-13
-4.547473508864641e-13
-4.547473508864641e-13
-4.547473508864641e-13
-2.7284841053187847e-12
-4.547473508864641e-12
3.183231456205249e-12
-9.094947017729282e-12
-1.8189894035458565e-12
-9.094947017729282e-13
-5.4569682106375694e-12
2.7284841053187847e-12
-5.4569682106375694e-12
9.094947017729282e-13
-9.094947017729282e-12
-9.094947017729282e-12
4.547473508864641e-12
-1.6370904631912708e-11
5.4569682106375694e-12
9.094947017729282e-13
-9.094947017729282e-12
1.8189894035458565e-12
-5.4569682106375694e-12
3.637978807091713e-12
3.637978807091713e-12
3.637978807091713e-12
3.637978807091713e-12
3.637978807091713e-12
5.9117155615240335e-12
9.094947017729282e-12
-4.547473508864641e-12
8.185452315956354e-12
-5.4569682106375694e-12
3.637978807091713e-12
1.0913936421275139e-11
-7.275957614183426e-12
-1.4551915228366852e-11
9.094947017729282e-12
3.637978807091713e-12
4.547473508864641e-12
2.7284841053187847e-12
-6.366462912410498e-12
1.1823431123048067e-11
-1.8189894035458565e-11
5.4569682106375694e-12
6.366462912410498e-12
-1.8189894035458565e-12
-9.094947017729282e-12
-9.094947017729282e-12
-1.8189894035458565e-12
-5.4569682106375694e-12
1.8189894035458565e-12
-3.637978807091713e-12
3.637978807091713e-12
4.547473508864641e-12
4.547473508864641e-12
2.7284841053187847e-12
-2.7284841053187847e-12
-5.9117155615240335e-12
-4.092726157978177e-12
-4.547473508864641e-12
-5.4569682106375694e-12
2.7284841053187847e-12
3.637978807091713e-12
-1.8189894035458565e-12
-4.092726157978177e-12
-3.637978807091713e-12
-2.7284841053187847e-12
5.4569682106375694e-12
3.637978807091713e-12
-7.275957614183426e-12
-4.547473508864641e-12
3.637978807091713e-12
3.637978807091713e-12
-7.275957614183426e-12
-5.4569682106375694e-12
3.637978807091713e-12
9.094947017729282e-12
3.637978807091713e-12
-6.366462912410498e-12
-9.094947017729282e-12
-5.4569682106375694e-12
1.8189894035458565e-12
-2.7284841053187847e-12
-1.8189894035458565e-12
-2.2737367544323206e-13
5.684341886080801e-13
-2.2737367544323206e-12
-9.094947017729282e-12
-7.275957614183426e-12
-7.275957614183426e-12
3.637978807091713e-12
1.1368683772161603e-12
-1.0231815394945443e-12
-4.547473508864641e-12
3.637978807091713e-12
3.637978807091713e-12
-3.637978807091713e-12
-3.637978807091713e-12
7.275957614183426e-12
-3.637978807091713e-12
-2.2737367544323206e-12
-2.2737367544323206e-12
-5.684341886080801e-13
-2.0463630789890885e-12
-1.1368683772161603e-12
-2.2737367544323206e-13
-2.2737367544323206e-13
-2.2737367544323206e-13
-1.7053025658242404e-13
2.8421709430404007e-13
7.958078640513122e-13
-1.1368683772161603e-13
1.0231815394945443e-12
5.684341886080801e-13
-6.679101716144942e-13
2.2737367544323206e-12
1.3642420526593924e-12
6.821210263296962e-13
4.547473508864641e-12
1.8189894035458565e-12
-1.3642420526593924e-12
1.1368683772161603e-12
-9.094947017729282e-13
-4.092726157978177e-12
-4.547473508864641e-12
-2.7284841053187847e-12
1.3642420526593924e-12
4.092726157978177e-12
6.821210263296962e-13
9.094947017729282e-13
-1.5916157281026244e-12
3.637978807091713e-12
4.092726157978177e-12
-4.547473508864641e-12
2.2737367544323206e-12
1.8189894035458565e-12
4.092726157978177e-12
-4.092726157978177e-12
-9.094947017729282e-13
-1.3642420526593924e-12
-4.547473508864641e-13
-1.3642420526593924e-12
-2.5011104298755527e-12
4.547473508864641e-12
-9.094947017729282e-13
4.547473508864641e-12
1.8189894035458565e-12
-2.2737367544323206e-12
1.8189894035458565e-12
-9.094947017729282e-13
-9.094947017729282e-13
1.3642420526593924e-12
-1.3642420526593924e-12
-2.0463630789890885e-12
4.547473508864641e-13
1.5916157281026244e-12
-9.094947017729282e-13
9.094947017729282e-13
9.094947017729282e-13
2.2737367544323206e-13
2.2737367544323206e-12
2.2737367544323206e-12
1.3642420526593924e-12
-9.094947017729282e-13
9.094947017729282e-13
9.094947017729282e-13
-4.547473508864641e-13
-4.547473508864641e-13
-7.958078640513122e-13
-3.410605131648481e-13
6.821210263296962e-13
-4.547473508864641e-13
1.1368683772161603e-12
-1.1368683772161603e-12
2.0463630789890885e-12
-2.2737367544323206e-12
1.3642420526593924e-12
-1.8189894035458565e-12
-1.8189894035458565e-12
6.821210263296962e-13
9.094947017729282e-13
-9.094947017729282e-13
9.094947017729282e-13
9.094947017729282e-13
-6.821210263296962e-13
-7.389644451905042e-13
1.3642420526593924e-12
-6.821210263296962e-13
-5.684341886080801e-13
4.547473508864641e-13
7.958078640513122e-13
1.0231815394945443e-12
1.1368683772161603e-12
6.821210263296962e-13
-2.2737367544323206e-13
9.947598300641403e-14
-3.979039320256561e-13
7.389644451905042e-13
1.0231815394945443e-12
-1.1368683772161603e-12
1.1368683772161603e-12
-9.094947017729282e-13
-2.2737367544323206e-13
-6.821210263296962e-13
2.2737367544323206e-13
-4.547473508864641e-13
-2.2737367544323206e-13
-2.0463630789890885e-12
-2.2737367544323206e-12
2.2737367544323206e-12
1.1368683772161603e-12
-1.1368683772161603e-12
-2.2737367544323206e-12
3.410605131648481e-13
-5.684341886080801e-13
2.2737367544323206e-12
2.0463630789890885e-12
9.094947017729282e-13
-9.094947017729282e-13
-1.8189894035458565e-12
-1.3642420526593924e-12
2.2737367544323206e-13
-1.1368683772161603e-12
1.1368683772161603e-12
2.8421709430404007e-13
-1.1368683772161603e-13
-1.1368683772161603e-12
-1.1368683772161603e-12
1.1368683772161603e-12
5.684341886080801e-13
1.0231815394945443e-12
6.821210263296962e-13
-2.2737367544323206e-13
-3.552713678800501e-14
-3.410605131648481e-13
2.2737367544323206e-13
-5.684341886080801e-13
1.0231815394945443e-12
-1.0231815394945443e-12
-4.547473508864641e-13
-4.547473508864641e-13
-3.410605131648481e-13
-5.684341886080801e-13
-2.2737367544323206e-13
5.684341886080801e-13
4.547473508864641e-13
6.821210263296962e-13
-6.821210263296962e-13
1.0231815394945443e-12
4.547473508864641e-13
4.547473508864641e-13
-1.0231815394945443e-12
-3.410605131648481e-13
3.410605131648481e-13
-2.2737367544323206e-13
-2.2737367544323206e-13
5.115907697472721e-13
1.0231815394945443e-12
1.8189894035458565e-12
-9.094947017729282e-13
-9.094947017729282e-13
-9.094947017729282e-13
-1.1368683772161603e-12
1.1368683772161603e-12
6.821210263296962e-13
6.252776074688882e-13
-3.410605131648481e-13
2.8421709430404007e-13
-5.684341886080801e-13
-9.094947017729282e-13
1.1368683772161603e-12
4.547473508864641e-13
9.094947017729282e-13
-6.821210263296962e-13
1.1368683772161603e-13
3.126388037344441e-13
-1.7053025658242404e-13
-5.684341886080802e-14
8.526512829121202e-14
-1.2789769243681803e-13
-7.105427357601002e-14
-3.552713678800501e-14
-1.7763568394002505e-13
1.8474111129762605e-13
2.1316282072803006e-13
2.8421709430404007e-13
2.2737367544323206e-13
-2.2737367544323206e-13
3.979039320256561e-13
-3.410605131648481e-13
-2.2737367544323206e-13
2.2737367544323206e-13
-1.9895196601282805e-13
5.684341886080801e-13
4.547473508864641e-13
4.547473508864641e-13
-4.547473508864641e-13
4.547473508864641e-13
2.2737367544323206e-13
-2.2737367544323206e-13
2.2737367544323206e-13
2.2737367544323206e-13
-2.2737367544323206e-13
-2.2737367544323206e-13
-4.547473508864641e-13
-4.547473508864641e-13
4.547473508864641e-13
4.547473508864641e-13
4.547473508864641e-13
4.547473508864641e-13
3.410605131648481e-13
2.2737367544323206e-13
-2.2737367544323206e-13
-2.2737367544323206e-13
1.1368683772161603e-13
-2.842170943040401e-14
8.704148513061227e-14
4.973799150320701e-14
-3.126388037344441e-13
-2.8421709430404007e-13
-9.947598300641403e-14
-6.750155989720952e-14
-5.115907697472721e-13
1.1368683772161603e-13
6.821210263296962e-13
6.821210263296962e-13
5.684341886080801e-13
-5.684341886080801e-13
-5.684341886080801e-13
-5.115907697472721e-13
-2.8421709430404007e-13
6.252776074688882e-13
-2.2737367544323206e-13
1.4210854715202004e-13
-7.105427357601002e-14
1.0835776720341528e-13
-7.105427357601002e-14
-1.1368683772161603e-13
-1.1368683772161603e-13
6.821210263296962e-13
6.821210263296962e-13
5.684341886080801e-13
2.2737367544323206e-13
-5.684341886080801e-13
-1.1368683772161603e-13
-1.1368683772161603e-13
-2.5579538487363607e-13
2.8421709430404007e-13
3.126388037344441e-13
1.4210854715202004e-13
4.547473508864641e-13
2.8421709430404007e-13
-6.821210263296962e-13
-6.821210263296962e-13
-3.410605131648481e-13
4.547473508864641e-13
-4.547473508864641e-13
2.2737367544323206e-13
-2.2737367544323206e-13
3.979039320256561e-13
4.263256414560601e-13
1.9895196601282805e-13
9.947598300641403e-14
2.2737367544323206e-13
-2.2737367544323206e-13
-4.547473508864641e-13
3.410605131648481e-13
2.2737367544323206e-13
4.547473508864641e-13
-5.115907697472721e-13
-3.979039320256561e-13
-3.979039320256561e-13
-2.2737367544323206e-13
5.684341886080802e-14
-1.4210854715202004e-13
-5.684341886080802e-14
-1.1368683772161603e-13
-5.684341886080802e-14
-3.552713678800501e-14
2.4158453015843406e-13
2.8421709430404007e-13
-2.2737367544323206e-13
3.979039320256561e-13
-2.2737367544323206e-13
2.2737367544323206e-13
2.2737367544323206e-13
-3.979039320256561e-13
2.2737367544323206e-13
-2.2737367544323206e-13
-2.2737367544323206e-13
2.2737367544323206e-13
-2.2737367544323206e-13
-2.2737367544323206e-13
-2.2737367544323206e-13
-2.2737367544323206e-13
-2.2737367544323206e-13
-2.2737367544323206e-13
2.2737367544323206e-13
-2.2737367544323206e-13
-2.8421709430404007e-13
3.410605131648481e-13
-1.1368683772161603e-13
2.8421709430404007e-13
1.7053025658242404e-13
1.2789769243681803e-13
-7.105427357601002e-14
-5.115907697472721e-13
5.684341886080801e-13
3.410605131648481e-13
-1.1368683772161603e-13
-2.2737367544323206e-13
-1.7053025658242404e-13
3.410605131648481e-13
2.8421709430404007e-13
-1.7053025658242404e-13
-2.5579538487363607e-13
2.842170943040401e-14
-1.1368683772161603e-13
2.842170943040401e-14
5.3290705182007514e-14
-5.684341886080802e-14
8.526512829121202e-14
2.842170943040401e-14
-2.842170943040401e-14
-2.8421709430404007e-13
-1.8474111129762605e-13
2.842170943040401e-14
-8.526512829121202e-14
-5.684341886080802e-14
8.526512829121202e-14
5.684341886080802e-14
-2.842170943040401e-14
1.7053025658242404e-13
1.7053025658242404e-13
-1.7053025658242404e-13
1.1368683772161603e-13
1.2789769243681803e-13
-8.526512829121202e-14
9.947598300641403e-14
-8.526512829121202e-14
2.2737367544323206e-13
-8.526512829121202e-14
1.1368683772161603e-13
2.2737367544323206e-13
1.1368683772161603e-13
-3.694822225952521e-13
1.4210854715202004e-14
1.7053025658242404e-13
9.592326932761353e-14
2.842170943040401e-14
1.7053025658242404e-13
-1.1368683772161603e-13
-5.684341886080802e-14
-1.1368683772161603e-13
1.9895196601282805e-13
-8.526512829121202e-14
