-25.0
-28.0
-24.0
-12.0
2.0
15.0
12.0
-19.0
-33.0
-32.0
-31.0
-35.0
-50.0
-63.0
-69.0
-69.0
-62.0
-54.0
-48.0
-39.0
-26.0
-15.0
-6.0
-4.0
-6.0
-7.0
-4.0
1.0
4.0
2.0
-7.0
-20.0
-31.0
-38.0
-39.0
-38.0
-39.0
-38.0
-39.0
-38.0
-30.0
-26.0
-23.0
-28.0
-30.0
-28.0
-30.0
-34.0
-43.0
-58.0
-68.0
-73.0
-75.0
-79.0
-80.0
-82.0
-76.0
-62.0
-46.0
-36.0
-34.0
-32.0
-26.0
-14.0
-2.0
-1.0
-9.0
-21.0
-25.0
-21.0
-19.0
-26.0
-43.0
-59.0
-69.0
-67.0
-58.0
-55.0
-51.0
-47.0
-44.0
-33.0
-29.0
-25.0
-24.0
-21.0
-11.0
-4.0
15.0
90.0
213.0
287.0
304.0
219.0
142.0
-282.0
-2610.0
-6661.0
-9854.0
-10526.0
-8784.0
-5656.0
-3577.0
-4512.0
-6366.0
-7514.0
-7323.0
-2834.0
4182.0
9131.0
11392.0
11327.0
9096.0
6791.0
6720.0
7935.0
9482.0
10244.0
7212.0
1287.0
-4422.0
-8801.0
-11143.0
-10887.0
-9640.0
-9700.0
-10270.0
-10931.0
-10477.0
-5269.0
3100.0
10750.0
16046.0
16927.0
13111.0
8632.0
7344.0
9145.0
13212.0
16399.0
14274.0
7890.0
365.0
-6693.0
-11833.0
-14188.0
-14946.0
-15450.0
-14818.0
-13555.0
-10656.0
-3262.0
6131.0
13943.0
18596.0
18069.0
12603.0
6691.0
4258.0
5782.0
10663.0
14623.0
13033.0
7117.0
-573.0
-8501.0
-15018.0
-19224.0
-21849.0
-22997.0
-21426.0
-18001.0
-12764.0
-5306.0
1962.0
7953.0
12029.0
11944.0
7129.0
581.0
-3277.0
-2268.0
2644.0
8282.0
10914.0
8880.0
3282.0
-3499.0
-8987.0
-11876.0
-12519.0
-11666.0
-10098.0
-8074.0
-4742.0
171.0
5626.0
9998.0
11566.0
9590.0
5081.0
305.0
-2505.0
-2171.0
964.0
4818.0
6738.0
5661.0
2325.0
-1793.0
-5190.0
-6836.0
-5538.0
-1057.0
4278.0
7967.0
9652.0
9976.0
10167.0
11763.0
13490.0
13530.0
12233.0
8452.0
2600.0
-1772.0
-3735.0
-4540.0
-5227.0
-6741.0
-9963.0
-13935.0
-16435.0
-17526.0
-16868.0
-13542.0
-8734.0
-3030.0
3002.0
6944.0
6946.0
4338.0
2386.0
3096.0
6177.0
9395.0
10095.0
7327.0
2310.0
-2583.0
-5540.0
-6603.0
-7153.0
-8119.0
-8673.0
-7631.0
-5480.0
-3181.0
-865.0
1242.0
3727.0
7340.0
9920.0
10007.0
8172.0
3764.0
-1274.0
-3432.0
-3064.0
-2263.0
-2349.0
-4429.0
-9283.0
-14681.0
-18026.0
-18954.0
-15192.0
-6628.0
2634.0
10436.0
15508.0
16005.0
13232.0
10705.0
9673.0
10820.0
13256.0
12958.0
9386.0
4628.0
-710.0
-5946.0
-10126.0
-13645.0
-17622.0
-20709.0
-22141.0
-22354.0
-19274.0
-12703.0
-4558.0
4291.0
11350.0
13288.0
10005.0
4970.0
2196.0
3567.0
7879.0
11949.0
13015.0
10134.0
4388.0
-2007.0
-6943.0
-9635.0
-10569.0
-9797.0
-6739.0
-1838.0
2958.0
6138.0
7890.0
9262.0
11787.0
14897.0
15402.0
12909.0
8277.0
1876.0
-2820.0
-3751.0
-2875.0
-2458.0
-3885.0
-7986.0
-14164.0
-19118.0
-20982.0
-19939.0
-15055.0
-7329.0
1271.0
9483.0
14823.0
15136.0
11256.0
6921.0
5211.0
6427.0
8815.0
9879.0
8221.0
4272.0
-371.0
-4108.0
-6294.0
-7644.0
-9298.0
-10678.0
-9897.0
-6428.0
-1567.0
3231.0
6972.0
9406.0
11688.0
13558.0
13352.0
11782.0
9812.0
8398.0
8940.0
9966.0
8985.0
5396.0
283.0
-4521.0
-7757.0
-9249.0
-9580.0
-9663.0
-9810.0
-9017.0
-6484.0
-2654.0
1461.0
4775.0
6621.0
6776.0
4455.0
-696.0
-6340.0
-9380.0
-9040.0
-6502.0
-4241.0
-5485.0
-10214.0
-14816.0
-17605.0
-16917.0
-11283.0
-4370.0
828.0
4804.0
6995.0
7053.0
6733.0
6476.0
5762.0
6021.0
7153.0
7654.0
7009.0
4309.0
-462.0
-5335.0
-8174.0
-8692.0
-8165.0
-8107.0
-9302.0
-11101.0
-11986.0
-10506.0
-6233.0
-311.0
5130.0
8519.0
9654.0
8580.0
5013.0
-158.0
-3963.0
-4172.0
-1424.0
2159.0
3713.0
814.0
-4916.0
-9695.0
-12181.0
-10254.0
-3570.0
2915.0
6756.0
9077.0
10081.0
10457.0
11978.0
13783.0
14412.0
14158.0
11066.0
4757.0
-1567.0
-6189.0
-8777.0
-9300.0
-8964.0
-10549.0
-14176.0
-17782.0
-20271.0
-17532.0
-8000.0
3749.0
14118.0
20443.0
20371.0
15921.0
12107.0
11055.0
13053.0
17198.0
20100.0
20114.0
17076.0
10841.0
2854.0
-4292.0
-8478.0
-9907.0
-10308.0
-10869.0
-11756.0
-12222.0
-10939.0
-6846.0
-468.0
5833.0
9382.0
8934.0
5407.0
1505.0
40.0
1921.0
5791.0
9119.0
9652.0
6690.0
1176.0
-4961.0
-9616.0
-11681.0
-11344.0
-9768.0
-8163.0
-6621.0
-4640.0
-1742.0
2076.0
5709.0
7627.0
6230.0
413.0
-7744.0
-13654.0
-14758.0
-11741.0
-7087.0
-4497.0
-6430.0
-10746.0
-14867.0
-17371.0
-14566.0
-6823.0
976.0
6830.0
10243.0
10523.0
9526.0
9811.0
10809.0
12246.0
13249.0
10578.0
4944.0
-664.0
-5402.0
-8580.0
-9341.0
-9076.0
-9821.0
-11003.0
-12749.0
-14207.0
-11404.0
-4937.0
2074.0
8904.0
13560.0
13988.0
12292.0
11135.0
10671.0
11820.0
14122.0
15409.0
15163.0
12797.0
7837.0
1602.0
-3621.0
-6566.0
-7644.0
-7905.0
-8213.0
-8554.0
-8198.0
-6083.0
-1524.0
4471.0
9451.0
11389.0
10130.0
6837.0
3434.0
1918.0
2691.0
4789.0
6714.0
6817.0
4332.0
-188.0
-5289.0
-9556.0
-12084.0
-12468.0
-10964.0
-8177.0
-4839.0
-1598.0
1157.0
3119.0
4210.0
4296.0
3294.0
1723.0
230.0
-852.0
-1491.0
-1755.0
-1823.0
-2066.0
-2740.0
-4089.0
-6202.0
-8637.0
-10444.0
-10805.0
-9651.0
-7379.0
-4728.0
-2331.0
-245.0
1542.0
2911.0
3859.0
4433.0
4546.0
4190.0
3596.0
2920.0
2120.0
1217.0
547.0
297.0
131.0
-382.0
-1542.0
-3262.0
-4960.0
-5986.0
-5810.0
-4101.0
-1034.0
2668.0
5933.0
7842.0
8084.0
7014.0
5385.0
3907.0
3095.0
2920.0
2724.0
2060.0
902.0
-625.0
-2106.0
-3069.0
-3475.0
-3532.0
-3242.0
-2569.0
-1461.0
188.0
2129.0
3970.0
5509.0
6445.0
6482.0
5583.0
3936.0
1946.0
123.0
-1207.0
-1973.0
-2332.0
-2719.0
-3444.0
-4291.0
-4777.0
-4589.0
-3694.0
-2215.0
-548.0
886.0
1925.0
2461.0
2656.0
2866.0
3173.0
3302.0
2874.0
1742.0
54.0
-1779.0
-3210.0
-3824.0
-3651.0
-3063.0
-2397.0
-1972.0
-1932.0
-2024.0
-1867.0
-1247.0
-179.0
1154.0
2405.0
3229.0
3477.0
3214.0
2658.0
2018.0
1437.0
919.0
457.0
127.0
-106.0
-331.0
-503.0
-482.0
-235.0
47.0
151.0
126.0
131.0
259.0
606.0
1167.0
1789.0
2254.0
2303.0
1770.0
847.0
-28.0
-521.0
-535.0
-154.0
335.0
621.0
624.0
440.0
262.0
304.0
623.0
1115.0
1587.0
1851.0
1808.0
1459.0
859.0
108.0
-665.0
-1363.0
-2006.0
-2612.0
-3108.0
-3368.0
-3290.0
-2931.0
-2491.0
-2034.0
-1514.0
-909.0
-250.0
379.0
936.0
1378.0
1600.0
1521.0
1158.0
642.0
42.0
-602.0
-1229.0
-1755.0
-2055.0
-2107.0
-1960.0
-1649.0
-1222.0
-776.0
-341.0
95.0
473.0
726.0
797.0
686.0
540.0
477.0
459.0
442.0
405.0
258.0
